0.00394574
-0.295116
-0.469242
-0.592219
-0.68717
-0.764395
-0.829389
-0.885431
-0.934637
-0.978451
-1.0179
-1.05375
-1.08658
-1.11683
-1.14487
-1.17097
-1.19538
-1.21828
-1.23985
-1.26021
-1.27949
-1.29779
-1.31519
-1.33177
-1.3476
-1.36274
-1.37724
-1.39115
-1.4045
-1.41734
-1.4297
-1.44162
-1.45311
-1.4642
-1.47492
-1.48529
-1.49533
-1.50506
-1.51448
-1.52363
-1.5325
-1.54112
-1.5495
-1.55764
-1.56556
-1.57328
-1.58079
-1.5881
-1.59523
-1.60218
-1.60897
-1.61558
-1.62204
-1.62835
-1.63451
-1.64054
-1.64642
-1.65218
-1.65781
-1.66332
-1.66871
-1.67398
-1.67915
-1.68421
-1.68917
-1.69402
-1.69878
-1.70345
-1.70803
-1.71251
-1.71692
-1.72124
-1.72547
-1.72963
-1.73372
-1.73772
-1.74166
-1.74553
-1.74933
-1.75306
-1.75672
-1.76033
-1.76387
-1.76735
-1.77077
-1.77414
-1.77745
-1.7807
-1.78391
-1.78706
-1.79016
-1.79321
-1.79621
-1.79916
-1.80207
-1.80494
-1.80775
-1.81053
-1.81326
-1.81596
-1.81861
-1.82122
-1.82379
-1.82633
-1.82883
-1.83129
-1.83371
-1.8361
-1.83846
-1.84078
-1.84307
-1.84533
-1.84755
-1.84975
-1.85191
-1.85405
-1.85615
-1.85823
-1.86027
-1.86229
-1.86428
-1.86625
-1.86819
-1.8701
-1.87199
-1.87385
-1.87569
-1.8775
-1.87929
-1.88106
-1.88281
-1.88453
-1.88623
-1.88791
-1.88956
-1.8912
-1.89281
-1.89441
-1.89598
-1.89754
-1.89907
-1.90059
-1.90209
-1.90356
-1.90503
-1.90647
-1.90789
-1.9093
-1.91069
-1.91207
-1.91343
-1.91477
-1.91609
-1.9174
-1.9187
-1.91998
-1.92124
-1.92249
-1.92372
-1.92494
-1.92615
-1.92734
-1.92852
-1.92968
-1.93083
-1.93197
-1.93309
-1.9342
-1.9353
-1.93639
-1.93746
-1.93852
-1.93957
-1.94061
-1.94164
-1.94265
-1.94365
-1.94464
-1.94563
-1.9466
-1.94755
-1.9485
-1.94944
-1.95037
-1.95129
-1.95219
-1.95309
-1.95398
-1.95486
-1.95573
-1.95658
-1.95743
-1.95827
-1.95911
-1.95993
-1.96074
-1.96155
-1.96234
-1.96313
-1.96391
-1.96468
-1.96545
-1.9662
-1.96695
-1.96769
-1.96842
-1.96914
-1.96986
-1.97056
-1.97127
-1.97196
-1.97265
-1.97332
-1.974
-1.97466
-1.97532
-1.97597
-1.97662
-1.97725
-1.97789
-1.97851
-1.97913
-1.97974
-1.98035
-1.98095
-1.98154
-1.98213
-1.98271
-1.98329
-1.98386
-1.98442
-1.98498
-1.98553
-1.98608
-1.98662
-1.98716
-1.98769
-1.98821
-1.98873
-1.98925
-1.98976
-1.99026
-1.99076
-1.99126
-1.99175
-1.99223
-1.99271
-1.99319
-1.99366
-1.99412
-1.99458
-1.99504
-1.99549
-1.99594
-1.99638
-1.99682
-1.99726
-1.99769
-1.99812
-1.99854
-1.99896
-1.99937
-1.99978
-2.00019
-2.00059
-2.00099
-2.00138
-2.00177
-2.00216
-2.00254
-2.00292
-2.00329
-2.00367
-2.00403
-2.0044
-2.00476
-2.00512
-2.00547
-2.00582
-2.00617
-2.00652
-2.00686
-2.00719
-2.00753
-2.00786
-2.00819
-2.00851
-2.00883
-2.00915
-2.00947
-2.00978
-2.01009
-2.0104
-2.0107
-2.011
-2.0113
-2.0116
-2.01189
-2.01218
-2.01247
-2.01275
-2.01303
-2.01331
-2.01359
-2.01386
-2.01413
-2.0144
-2.01467
-2.01493
-2.0152
-2.01545
-2.01571
-2.01596
-2.01622
-2.01647
-2.01671
-2.01696
-2.0172
-2.01744
-2.01768
-2.01791
-2.01815
-2.01838
-2.01861
-2.01884
-2.01906
-2.01928
-2.01951
-2.01972
-2.01994
-2.02016
-2.02037
-2.02058
-2.02079
-2.021
-2.0212
-2.0214
-2.02161
-2.02181
-2.022
-2.0222
-2.02239
-2.02259
-2.02278
-2.02297
-2.02315
-2.02334
-2.02352
-2.0237
-2.02388
-2.02406
-2.02424
-2.02442
-2.02459
-2.02476
-2.02493
-2.0251
-2.02527
-2.02544
-2.0256
-2.02576
-2.02593
-2.02609
-2.02625
-2.0264
-2.02656
-2.02671
-2.02687
-2.02702
-2.02717
-2.02732
-2.02747
-2.02761
-2.02776
-2.0279
-2.02804
-2.02819
-2.02833
-2.02846
-2.0286
-2.02874
-2.02887
-2.02901
-2.02914
-2.02927
-2.0294
-2.02953
-2.02966
-2.02978
-2.02991
-2.03003
-2.03016
-2.03028
-2.0304
-2.03052
-2.03064
-2.03076
-2.03088
-2.03099
-2.03111
-2.03122
-2.03133
-2.03145
-2.03156
-2.03167
-2.03178
-2.03188
-2.03199
-2.0321
-2.0322
-2.03231
-2.03241
-2.03251
-2.03261
-2.03271
-2.03281
-2.03291
-2.03301
-2.03311
-2.0332
-2.0333
-2.03339
-2.03349
-2.03358
-2.03367
-2.03376
-2.03385
-2.03394
-2.03403
-2.03412
-2.03421
-2.03429
-2.03438
-2.03446
-2.03455
-2.03463
-2.03472
-2.0348
-2.03488
-2.03496
-2.03504
-2.03512
-2.0352
-2.03528
-2.03535
-2.03543
-2.0355
-2.03558
-2.03565
-2.03573
-2.0358
-2.03587
-2.03595
-2.03602
-2.03609
-2.03616
-2.03623
-2.0363
-2.03637
-2.03643
-2.0365
-2.03657
-2.03663
-2.0367
-2.03676
-2.03683
-2.03689
-2.03695
-2.03702
-2.03708
-2.03714
-2.0372
-2.03726
-2.03732
-2.03738
-2.03744
-2.0375
-2.03756
-2.03761
-2.03767
-2.03773
-2.03778
-2.03784
-2.03789
-2.03795
-2.038
-2.03806
-2.03811
-2.03816
-2.03822
-2.03827
-2.03832
-2.03837
-2.03842
-2.03847
-2.03852
-2.03857
-2.03862
-2.03867
-2.03871
-2.03876
-2.03881
-2.03885
-2.0389
-2.03895
-2.03899
-2.03904
-2.03908
-2.03913
-2.03917
-2.03921
-2.03926
-2.0393
-2.03934
-2.03939
-2.03943
-2.03947
-2.03951
-2.03955
-2.03959
-2.03963
-2.03967
-2.03971
-2.03975
-2.03979
-2.03983
-2.03986
-2.0399
-2.03994
-2.03998
-2.04001
-2.04005
-2.04009
-2.04012
-2.04016
-2.04019
-2.04023
-2.04026
-2.0403
-2.04033
-2.04036
-2.0404
-2.04043
-2.04046
-2.0405
-2.04053
-2.04056
-2.04059
-2.04063
-2.04066
-2.04069
-2.04072
-2.04075
-2.04078
-2.04081
-2.04084
-2.04087
-2.0409
-2.04093
-2.04096
-2.04098
-2.04101
-2.04104
-2.04107
-2.0411
-2.04112
-2.04115
-2.04118
-2.0412
-2.04123
-2.04126
-2.04128
-2.04131
-2.04133
-2.04136
-2.04139
-2.04141
-2.04143
-2.04146
-2.04148
-2.04151
-2.04153
-2.04156
-2.04158
-2.0416
-2.04163
-2.04165
-2.04167
-2.04169
-2.04172
-2.04174
-2.04176
-2.04178
-2.0418
-2.04183
-2.04185
-2.04187
-2.04189
-2.04191
-2.04193
-2.04195
-2.04197
-2.04199
-2.04201
-2.04203
-2.04205
-2.04207
-2.04209
-2.04211
-2.04213
-2.04215
-2.04216
-2.04218
-2.0422
-2.04222
-2.04224
-2.04226
-2.04227
-2.04229
-2.04231
-2.04233
-2.04234
-2.04236
-2.04238
-2.04239
-2.04241
-2.04243
-2.04244
-2.04246
-2.04248
-2.04249
-2.04251
-2.04252
-2.04254
-2.04255
-2.04257
-2.04259
-2.0426
-2.04262
-2.04263
-2.04264
-2.04266
-2.04267
-2.04269
-2.0427
-2.04272
-2.04273
-2.04274
-2.04276
-2.04277
-2.04279
-2.0428
-2.04281
-2.04283
-2.04284
-2.04285
-2.04286
-2.04288
-2.04289
-2.0429
-2.04292
-2.04293
-2.04294
-2.04295
-2.04296
-2.04298
-2.04299
-2.043
-2.04301
-2.04302
-2.04303
-2.04305
-2.04306
-2.04307
-2.04308
-2.04309
-2.0431
-2.04311
-2.04312
-2.04313
-2.04314
-2.04316
-2.04317
-2.04318
-2.04319
-2.0432
-2.04321
-2.04322
-2.04323
-2.04324
-2.04325
-2.04326
-2.04327
-2.04328
-2.04329
-2.04329
-2.0433
-2.04331
-2.04332
-2.04333
-2.04334
-2.04335
-2.04336
-2.04337
-2.04338
-2.04338
-2.04339
-2.0434
-2.04341
-2.04342
-2.04343
-2.04344
-2.04344
-2.04345
-2.04346
-2.04347
-2.04348
-2.04348
-2.04349
-2.0435
-2.04351
-2.04352
-2.04352
-2.04353
-2.04354
-2.04355
-2.04355
-2.04356
-2.04357
-2.04357
-2.04358
-2.04359
-2.0436
-2.0436
-2.04361
-2.04362
-2.04362
-2.04363
-2.04364
-2.04364
-2.04365
-2.04366
-2.04366
-2.04367
-2.04368
-2.04368
-2.04369
-2.04369
-2.0437
-2.04371
-2.04371
-2.04372
-2.04373
-2.04373
-2.04374
-2.04374
-2.04375
-2.04375
-2.04376
-2.04377
-2.04377
-2.04378
-2.04378
-2.04379
-2.04379
-2.0438
-2.0438
-2.04381
-2.04382
-2.04382
-2.04383
-2.04383
-2.04384
-2.04384
-2.04385
-2.04385
-2.04386
-2.04386
-2.04387
-2.04387
-2.04388
-2.04388
-2.04389
-2.04389
-2.04389
-2.0439
-2.0439
-2.04391
-2.04391
-2.04392
-2.04392
-2.04393
-2.04393
-2.04394
-2.04394
-2.04394
-2.04395
-2.04395
-2.04396
-2.04396
-2.04397
-2.04397
-2.04397
-2.04398
-2.04398
-2.04399
-2.04399
-2.04399
-2.044
-2.044
-2.04401
-2.04401
-2.04401
-2.04402
-2.04402
-2.04402
-2.04403
-2.04403
-2.04403
-2.04404
-2.04404
-2.04405
-2.04405
-2.04405
-2.04406
-2.04406
-2.04406
-2.04407
-2.04407
-2.04407
-2.04408
-2.04408
-2.04408
-2.04409
-2.04409
-2.04409
-2.0441
-2.0441
-2.0441
-2.0441
-2.04411
-2.04411
-2.04411
-2.04412
-2.04412
-2.04412
-2.04413
-2.04413
-2.04413
-2.04413
-2.04414
-2.04414
-2.04414
-2.04415
-2.04415
-2.04415
-2.04415
-2.04416
-2.04416
-2.04416
-2.04416
-2.04417
-2.04417
-2.04417
-2.04418
-2.04418
-2.04418
-2.04418
-2.04419
-2.04419
-2.04419
-2.04419
-2.0442
-2.0442
-2.0442
-2.0442
-2.0442
-2.04421
-2.04421
-2.04421
-2.04421
-2.04422
-2.04422
-2.04422
-2.04422
-2.04423
-2.04423
-2.04423
-2.04423
-2.04423
-2.04424
-2.04424
-2.04424
-2.04424
-2.04424
-2.04425
-2.04425
-2.04425
-2.04425
-2.04425
-2.04426
-2.04426
-2.04426
-2.04426
-2.04426
-2.04427
-2.04427
-2.04427
-2.04427
-2.04427
-2.04428
-2.04428
-2.04428
-2.04428
-2.04428
-2.04428
-2.04429
-2.04429
-2.04429
-2.04429
-2.04429
-2.04429
-2.0443
-2.0443
-2.0443
-2.0443
-2.0443
-2.0443
-2.04431
-2.04431
-2.04431
-2.04431
-2.04431
-2.04431
-2.04432
-2.04432
-2.04432
-2.04432
-2.04432
-2.04432
-2.04432
-2.04433
-2.04433
-2.04433
-2.04433
-2.04433
-2.04433
-2.04434
-2.04434
-2.04434
-2.04434
-2.04434
-2.04434
-2.04434
-2.04434
-2.04435
-2.04435
-2.04435
-2.04435
-2.04435
-2.04435
-2.04435
-2.04436
-2.04436
-2.04436
-2.04436
-2.04436
-2.04436
-2.04436
-2.04436
-2.04437
-2.04437
-2.04437
-2.04437
-2.04437
-2.04437
-2.04437
-2.04437
-2.04437
-2.04438
-2.04438
-2.04438
-2.04438
-2.04438
-2.04438
-2.04438
-2.04438
-2.04438
-2.04439
-2.04439
-2.04439
-2.04439
-2.04439
-2.04439
-2.04439
-2.04439
-2.04439
-2.04439
-2.0444
-2.0444
