0.0384981
-0.243697
-0.401232
-0.507894
-0.586807
-0.648271
-0.69778
-0.738614
-0.772886
-0.802041
-0.827107
-0.848842
-0.867822
-0.884494
-0.899212
-0.912259
-0.923868
-0.934229
-0.943502
-0.951822
-0.959303
-0.966042
-0.972123
-0.977618
-0.982592
-0.987098
-0.991186
-0.994898
-0.998272
-1.00134
-1.00413
-1.00668
-1.009
-1.01112
-1.01305
-1.01481
-1.01643
-1.0179
-1.01925
-1.02048
-1.02161
-1.02264
-1.02359
-1.02446
-1.02525
-1.02598
-1.02665
-1.02727
-1.02783
-1.02835
-1.02882
-1.02926
-1.02966
-1.03003
-1.03037
-1.03068
-1.03096
-1.03123
-1.03147
-1.03169
-1.0319
-1.03209
-1.03226
-1.03242
-1.03257
-1.03271
-1.03284
-1.03295
-1.03306
-1.03316
-1.03325
-1.03334
-1.03342
-1.03349
-1.03356
-1.03362
-1.03367
-1.03373
-1.03378
-1.03382
-1.03387
-1.0339
-1.03394
-1.03397
-1.03401
-1.03404
-1.03406
-1.03409
-1.03411
-1.03413
-1.03415
-1.03417
-1.03419
-1.03421
-1.03422
-1.03424
-1.03425
-1.03426
-1.03427
-1.03428
