0
0.176552
0.251047
0.3175
0.37667
0.429243
0.47584
0.517025
0.553308
0.585152
0.612974
0.637154
0.658035
0.675929
0.691116
0.703852
0.714368
0.722873
0.729557
0.734591
0.738131
0.740319
0.74128
0.741131
0.739977
0.737912
0.735022
0.731386
0.727072
0.722146
0.716664
0.71068
0.704241
0.697389
0.690163
0.682599
0.674729
0.666581
0.658181
0.649554
0.640721
0.6317
0.622511
0.613168
0.603687
0.59408
0.584359
0.574535
0.564617
0.554615
0.544536
0.534388
0.524177
0.513909
0.50359
0.493224
0.482815
0.472368
0.461887
0.451374
0.440832
0.430265
0.419674
0.409063
0.398432
0.387783
0.377119
0.366441
0.35575
0.345047
0.334334
0.323611
0.312879
0.30214
0.291393
0.28064
0.269881
0.259117
0.248348
0.237575
0.226798
0.216017
0.205233
0.194446
0.183656
0.172864
0.16207
0.151274
0.140476
0.129677
0.118876
0.108073
0.0972698
0.0864652
0.0756597
0.0648532
0.054046
0.043238
0.0324293
0.0216201
0.0108103
0
