0.0930702
0.176337
0.250726
0.317072
0.376135
0.4286
0.475091
0.516169
0.552345
0.584082
0.611797
0.63587
0.656644
0.67443
0.68951
0.702139
0.712548
0.720946
0.727523
0.732451
0.735884
0.737964
0.738818
0.738562
0.737301
0.735129
0.732133
0.728389
0.723968
0.718935
0.713346
0.707255
0.700709
0.693749
0.686417
0.678746
0.670768
0.662513
0.654007
0.645273
0.636332
0.627205
0.617909
0.608459
0.598871
0.589156
0.579328
0.569397
0.559373
0.549264
0.539078
0.528823
0.518505
0.50813
0.497703
0.48723
0.476714
0.46616
0.455572
0.444952
0.434303
0.423629
0.412931
0.402213
0.391475
0.380719
0.369948
0.359163
0.348365
0.337555
0.326735
0.315905
0.305066
0.294219
0.283366
0.272506
0.26164
0.250769
0.239893
0.229012
0.218128
0.20724
0.196349
0.185455
0.174558
0.163659
0.152758
0.141855
0.13095
0.120044
0.109136
0.0982263
0.0873158
0.0764042
0.0654916
0.0545781
0.0436638
0.0327488
0.0218331
0.0109168
