0
0.00894025
0.0177817
0.0265253
0.0351721
0.0437229
0.0521789
0.0605408
0.0688097
0.0769864
0.0850719
0.0930671
0.100973
0.10879
0.11652
0.124163
0.13172
0.139192
0.146579
0.153883
0.161105
0.168245
0.175304
0.182283
0.189183
0.196004
0.202748
0.209414
0.216004
0.222519
0.228959
0.235325
0.241618
0.247839
0.253987
0.260065
0.266072
0.27201
0.277878
0.283679
0.289411
0.295077
0.300677
0.306211
0.31168
0.317085
0.322426
0.327704
0.332919
0.338073
0.343166
0.348198
0.35317
0.358083
0.362937
0.367733
0.372471
0.377152
0.381777
0.386345
0.390859
0.395317
0.399722
0.404072
0.40837
0.412615
0.416807
0.420948
0.425038
0.429078
0.433067
0.437007
0.440897
0.444739
0.448533
0.452279
0.455978
0.45963
0.463236
0.466797
0.470312
0.473782
0.477207
0.480589
0.483927
0.487222
0.490474
0.493684
0.496852
0.499979
0.503065
0.50611
0.509115
0.51208
0.515005
0.517892
0.52074
0.52355
0.526321
0.529056
0.531753
0.534414
0.537038
0.539626
0.542178
0.544695
0.547177
0.549625
0.552038
0.554418
0.556763
0.559076
0.561355
0.563602
0.565817
0.568
0.570151
0.572271
0.574359
0.576418
0.578445
0.580443
0.582411
0.584349
0.586258
0.588138
0.58999
0.591813
0.593608
0.595375
0.597115
0.598828
0.600513
0.602172
0.603805
0.605411
0.606991
0.608546
0.610076
0.61158
0.613059
0.614514
0.615944
0.61735
0.618733
0.620091
0.621426
0.622738
0.624027
0.625293
0.626537
0.627758
0.628957
0.630135
0.631291
0.632425
0.633538
0.63463
0.635701
0.636752
0.637783
0.638793
0.639783
0.640753
0.641704
0.642635
0.643548
0.644441
0.645315
0.646171
0.647008
0.647827
0.648628
0.649411
0.650177
0.650925
0.651655
0.652368
0.653064
0.653744
0.654406
0.655053
0.655682
0.656296
0.656893
0.657475
0.658041
0.658591
0.659126
0.659646
0.66015
0.66064
0.661115
0.661575
0.662021
0.662452
0.662869
0.663272
0.663661
0.664036
0.664398
0.664746
0.66508
0.665402
0.66571
0.666005
0.666287
0.666557
0.666814
0.667058
0.66729
0.66751
0.667718
0.667914
0.668098
0.66827
0.66843
0.668579
0.668716
0.668843
0.668958
0.669061
0.669154
0.669236
0.669308
0.669368
0.669418
0.669458
0.669487
0.669507
0.669516
0.669514
0.669503
0.669483
0.669452
0.669412
0.669362
0.669303
0.669234
0.669157
0.66907
0.668974
0.668869
0.668755
0.668632
0.668501
0.668361
0.668212
0.668055
0.667889
0.667716
0.667534
0.667344
0.667145
0.666939
0.666725
0.666504
0.666274
0.666037
0.665792
0.66554
0.66528
0.665013
0.664738
0.664457
0.664168
0.663872
0.66357
0.66326
0.662943
0.66262
0.66229
0.661953
0.66161
0.66126
0.660903
0.660541
0.660172
0.659796
0.659415
0.659027
0.658633
0.658233
0.657828
0.657416
0.656998
0.656575
0.656146
0.655711
0.655271
0.654825
0.654374
0.653917
0.653454
0.652987
0.652514
0.652036
0.651552
0.651064
0.65057
0.650072
0.649568
0.64906
0.648546
0.648028
0.647505
0.646977
0.646445
0.645908
0.645366
0.64482
0.644269
0.643714
0.643154
0.64259
0.642022
0.641449
0.640872
0.640291
0.639706
0.639117
0.638523
0.637926
0.637324
0.636719
0.636109
0.635496
0.634879
0.634258
0.633633
0.633005
0.632373
0.631737
0.631098
0.630455
0.629808
0.629158
0.628505
0.627848
0.627187
0.626524
0.625856
0.625186
0.624512
0.623836
0.623155
0.622472
0.621786
0.621096
0.620403
0.619708
0.619009
0.618307
0.617603
0.616895
0.616184
0.615471
0.614755
0.614036
0.613314
0.612589
0.611862
0.611132
0.610399
0.609664
0.608926
0.608185
0.607442
0.606696
0.605948
0.605197
0.604444
0.603688
0.60293
0.602169
0.601406
0.600641
0.599873
0.599103
0.598331
0.597557
0.59678
0.596001
0.59522
0.594436
0.593651
0.592863
0.592074
0.591282
0.590488
0.589692
0.588894
0.588094
0.587292
0.586488
0.585682
0.584875
0.584065
0.583253
0.58244
0.581625
0.580807
0.579988
0.579168
0.578345
0.577521
0.576695
0.575867
0.575037
0.574206
0.573373
0.572539
0.571703
0.570865
0.570025
0.569184
0.568342
0.567498
0.566652
0.565805
0.564956
0.564106
0.563254
0.562401
0.561546
0.56069
0.559832
0.558973
0.558113
0.557251
0.556388
0.555524
0.554658
0.553791
0.552922
0.552052
0.551181
0.550309
0.549435
0.54856
0.547684
0.546807
0.545928
0.545048
0.544167
0.543285
0.542402
0.541517
0.540632
0.539745
0.538857
0.537968
0.537078
0.536187
0.535294
0.534401
0.533507
0.532611
0.531715
0.530817
0.529919
0.529019
0.528118
0.527217
0.526314
0.525411
0.524506
0.523601
0.522695
0.521787
0.520879
0.51997
0.51906
0.518149
0.517237
0.516325
0.515411
0.514497
0.513581
0.512665
0.511748
0.510831
0.509912
0.508993
0.508073
0.507152
0.50623
0.505307
0.504384
0.50346
0.502535
0.50161
0.500683
0.499756
0.498829
0.4979
0.496971
0.496041
0.49511
0.494179
0.493247
0.492315
0.491381
0.490447
0.489513
0.488577
0.487641
0.486705
0.485768
0.48483
0.483891
0.482952
0.482013
0.481073
0.480132
0.47919
0.478248
0.477306
0.476363
0.475419
0.474475
0.47353
0.472584
0.471638
0.470692
0.469745
0.468798
0.46785
0.466901
0.465952
0.465002
0.464052
0.463102
0.462151
0.461199
0.460247
0.459295
0.458342
0.457388
0.456434
0.45548
0.454525
0.45357
0.452614
0.451658
0.450701
0.449744
0.448787
0.447829
0.446871
0.445912
0.444953
0.443994
0.443034
0.442073
0.441113
0.440152
0.43919
0.438228
0.437266
0.436303
0.43534
0.434377
0.433413
0.432449
0.431485
0.43052
0.429555
0.428589
0.427624
0.426658
0.425691
0.424724
0.423757
0.42279
0.421822
0.420854
0.419885
0.418916
0.417947
0.416978
0.416008
0.415038
0.414068
0.413097
0.412127
0.411155
0.410184
0.409212
0.40824
0.407268
0.406295
0.405323
0.40435
0.403376
0.402403
0.401429
0.400455
0.39948
0.398505
0.397531
0.396555
0.39558
0.394604
0.393628
0.392652
0.391676
0.390699
0.389723
0.388745
0.387768
0.386791
0.385813
0.384835
0.383857
0.382878
0.3819
0.380921
0.379942
0.378963
0.377983
0.377004
0.376024
0.375044
0.374063
0.373083
0.372102
0.371122
0.370141
0.369159
0.368178
0.367196
0.366215
0.365233
0.364251
0.363268
0.362286
0.361303
0.36032
0.359337
0.358354
0.357371
0.356387
0.355404
0.35442
0.353436
0.352452
0.351467
0.350483
0.349498
0.348514
0.347529
0.346544
0.345559
0.344573
0.343588
0.342602
0.341616
0.34063
0.339644
0.338658
0.337672
0.336685
0.335699
0.334712
0.333725
0.332738
0.331751
0.330764
0.329776
0.328789
0.327801
0.326813
0.325826
0.324838
0.323849
0.322861
0.321873
0.320884
0.319896
0.318907
0.317918
0.316929
0.31594
0.314951
0.313962
0.312973
0.311983
0.310994
0.310004
0.309014
0.308024
0.307034
0.306044
0.305054
0.304064
0.303074
0.302083
0.301093
0.300102
0.299111
0.298121
0.29713
0.296139
0.295148
0.294156
0.293165
0.292174
0.291182
0.290191
0.289199
0.288207
0.287216
0.286224
0.285232
0.28424
0.283248
0.282256
0.281263
0.280271
0.279279
0.278286
0.277294
0.276301
0.275308
0.274316
0.273323
0.27233
0.271337
0.270344
0.269351
0.268358
0.267364
0.266371
0.265378
0.264384
0.263391
0.262397
0.261403
0.26041
0.259416
0.258422
0.257428
0.256434
0.25544
0.254446
0.253452
0.252458
0.251464
0.250469
0.249475
0.248481
0.247486
0.246492
0.245497
0.244502
0.243508
0.242513
0.241518
0.240523
0.239529
0.238534
0.237539
0.236544
0.235549
0.234553
0.233558
0.232563
0.231568
0.230572
0.229577
0.228582
0.227586
0.226591
0.225595
0.2246
0.223604
0.222608
0.221613
0.220617
0.219621
0.218625
0.217629
0.216633
0.215637
0.214641
0.213645
0.212649
0.211653
0.210657
0.209661
0.208665
0.207668
0.206672
0.205676
0.204679
0.203683
0.202686
0.20169
0.200693
0.199697
0.1987
0.197704
0.196707
0.19571
0.194714
0.193717
0.19272
0.191723
0.190726
0.18973
0.188733
0.187736
0.186739
0.185742
0.184745
0.183748
0.182751
0.181753
0.180756
0.179759
0.178762
0.177765
0.176768
0.17577
0.174773
0.173776
0.172778
0.171781
0.170783
0.169786
0.168789
0.167791
0.166794
0.165796
0.164799
0.163801
0.162803
0.161806
0.160808
0.15981
0.158813
0.157815
0.156817
0.15582
0.154822
0.153824
0.152826
0.151828
0.15083
0.149833
0.148835
0.147837
0.146839
0.145841
0.144843
0.143845
0.142847
0.141849
0.140851
0.139853
0.138854
0.137856
0.136858
0.13586
0.134862
0.133864
0.132866
0.131867
0.130869
0.129871
0.128873
0.127874
0.126876
0.125878
0.124879
0.123881
0.122883
0.121884
0.120886
0.119887
0.118889
0.11789
0.116892
0.115893
0.114895
0.113896
0.112898
0.111899
0.110901
0.109902
0.108904
0.107905
0.106907
0.105908
0.104909
0.103911
0.102912
0.101913
0.100915
0.0999159
0.0989172
0.0979185
0.0969198
0.095921
0.0949223
0.0939235
0.0929247
0.0919259
0.0909271
0.0899283
0.0889295
0.0879306
0.0869318
0.0859329
0.0849341
0.0839352
0.0829363
0.0819374
0.0809385
0.0799396
0.0789406
0.0779417
0.0769427
0.0759438
0.0749448
0.0739458
0.0729468
0.0719478
0.0709488
0.0699498
0.0689508
0.0679517
0.0669527
0.0659536
0.0649546
0.0639555
0.0629564
0.0619573
0.0609582
0.0599591
0.05896
0.0579609
0.0569617
0.0559626
0.0549634
0.0539643
0.0529651
0.051966
0.0509668
0.0499676
0.0489684
0.0479692
0.04697
0.0459708
0.0449715
0.0439723
0.0429731
0.0419738
0.0409746
0.0399753
0.038976
0.0379768
0.0369775
0.0359782
0.0349789
0.0339796
0.0329803
0.031981
0.0309817
0.0299824
0.028983
0.0279837
0.0269843
0.025985
0.0249856
0.0239863
0.0229869
0.0219875
0.0209882
0.0199888
0.0189894
0.01799
0.0169906
0.0159912
0.0149918
0.0139924
0.0129929
0.0119935
0.0109941
0.00999464
0.0089952
0.00799575
0.0069963
0.00599684
0.00499738
0.00399792
0.00299844
0.00199897
0.000999488
2.28821e-009
0
