0
0.00894132
0.0177838
0.0265285
0.0351763
0.0437283
0.0521853
0.0605483
0.0688182
0.076996
0.0850826
0.0930789
0.100986
0.108804
0.116535
0.124179
0.131737
0.13921
0.146598
0.153904
0.161127
0.168268
0.175328
0.182308
0.189209
0.196031
0.202775
0.209443
0.216034
0.22255
0.228991
0.235358
0.241652
0.247874
0.254023
0.260102
0.26611
0.272049
0.277919
0.28372
0.289454
0.295121
0.300721
0.306256
0.311726
0.317132
0.322474
0.327753
0.33297
0.338125
0.343219
0.348252
0.353225
0.358139
0.362994
0.367791
0.37253
0.377212
0.381838
0.386408
0.390922
0.395382
0.399787
0.404139
0.408437
0.412683
0.416877
0.421019
0.42511
0.42915
0.43314
0.437081
0.440973
0.444816
0.448611
0.452358
0.456058
0.459711
0.463318
0.466879
0.470395
0.473866
0.477293
0.480676
0.484015
0.487311
0.490564
0.493775
0.496944
0.500072
0.503159
0.506205
0.509211
0.512177
0.515103
0.517991
0.52084
0.523651
0.526424
0.529159
0.531857
0.534519
0.537144
0.539733
0.542287
0.544805
0.547288
0.549736
0.552151
0.554531
0.556878
0.559191
0.561472
0.56372
0.565936
0.568119
0.570271
0.572392
0.574482
0.576541
0.57857
0.580568
0.582537
0.584476
0.586387
0.588268
0.59012
0.591944
0.593741
0.595509
0.59725
0.598963
0.60065
0.60231
0.603944
0.605551
0.607132
0.608688
0.610218
0.611724
0.613204
0.61466
0.616091
0.617498
0.618882
0.620241
0.621577
0.62289
0.62418
0.625447
0.626692
0.627914
0.629114
0.630293
0.63145
0.632585
0.633699
0.634792
0.635865
0.636916
0.637948
0.638959
0.63995
0.640921
0.641873
0.642806
0.643719
0.644613
0.645488
0.646345
0.647184
0.648004
0.648806
0.64959
0.650356
0.651105
0.651836
0.65255
0.653248
0.653928
0.654592
0.655239
0.655869
0.656484
0.657083
0.657665
0.658232
0.658783
0.659319
0.65984
0.660346
0.660836
0.661312
0.661773
0.66222
0.662652
0.66307
0.663474
0.663864
0.66424
0.664603
0.664952
0.665288
0.66561
0.665919
0.666215
0.666499
0.666769
0.667027
0.667273
0.667506
0.667727
0.667935
0.668132
0.668317
0.66849
0.668651
0.668801
0.66894
0.669067
0.669183
0.669288
0.669382
0.669465
0.669537
0.669599
0.66965
0.66969
0.669721
0.669741
0.669751
0.669751
0.669741
0.669721
0.669691
0.669652
0.669603
0.669545
0.669478
0.669401
0.669315
0.66922
0.669116
0.669003
0.668881
0.668751
0.668612
0.668464
0.668308
0.668144
0.667971
0.66779
0.667601
0.667404
0.667198
0.666985
0.666765
0.666536
0.6663
0.666056
0.665805
0.665546
0.66528
0.665007
0.664726
0.664438
0.664143
0.663842
0.663533
0.663217
0.662895
0.662566
0.66223
0.661888
0.661539
0.661183
0.660822
0.660454
0.660079
0.659699
0.659312
0.658919
0.65852
0.658116
0.657705
0.657288
0.656866
0.656438
0.656004
0.655565
0.65512
0.65467
0.654214
0.653752
0.653286
0.652814
0.652337
0.651854
0.651367
0.650874
0.650377
0.649874
0.649367
0.648854
0.648337
0.647815
0.647288
0.646757
0.646221
0.64568
0.645135
0.644585
0.644031
0.643472
0.642909
0.642342
0.64177
0.641194
0.640614
0.64003
0.639441
0.638849
0.638252
0.637652
0.637048
0.636439
0.635827
0.635211
0.634591
0.633967
0.63334
0.632709
0.632074
0.631435
0.630793
0.630148
0.629499
0.628846
0.62819
0.627531
0.626868
0.626202
0.625533
0.62486
0.624184
0.623505
0.622823
0.622137
0.621449
0.620757
0.620062
0.619365
0.618664
0.61796
0.617254
0.616544
0.615832
0.615116
0.614398
0.613677
0.612954
0.612227
0.611498
0.610767
0.610032
0.609295
0.608555
0.607813
0.607068
0.606321
0.605571
0.604819
0.604064
0.603307
0.602548
0.601786
0.601021
0.600255
0.599486
0.598714
0.597941
0.597165
0.596387
0.595607
0.594825
0.59404
0.593254
0.592465
0.591674
0.590881
0.590086
0.589289
0.58849
0.587689
0.586887
0.586082
0.585275
0.584466
0.583656
0.582843
0.582029
0.581213
0.580395
0.579575
0.578753
0.57793
0.577105
0.576278
0.57545
0.574619
0.573787
0.572954
0.572119
0.571282
0.570444
0.569603
0.568762
0.567919
0.567074
0.566228
0.56538
0.564531
0.56368
0.562828
0.561974
0.561119
0.560262
0.559404
0.558545
0.557684
0.556822
0.555959
0.555094
0.554228
0.55336
0.552491
0.551621
0.55075
0.549877
0.549003
0.548128
0.547252
0.546374
0.545495
0.544615
0.543734
0.542852
0.541968
0.541084
0.540198
0.539311
0.538423
0.537534
0.536644
0.535752
0.53486
0.533966
0.533072
0.532176
0.53128
0.530382
0.529484
0.528584
0.527684
0.526782
0.52588
0.524976
0.524072
0.523166
0.52226
0.521353
0.520445
0.519536
0.518626
0.517715
0.516803
0.515891
0.514977
0.514063
0.513148
0.512232
0.511315
0.510398
0.509479
0.50856
0.50764
0.506719
0.505798
0.504876
0.503952
0.503029
0.502104
0.501179
0.500253
0.499326
0.498398
0.49747
0.496541
0.495612
0.494681
0.49375
0.492819
0.491887
0.490954
0.49002
0.489086
0.488151
0.487215
0.486279
0.485342
0.484405
0.483467
0.482528
0.481589
0.480649
0.479709
0.478768
0.477826
0.476884
0.475941
0.474998
0.474054
0.47311
0.472165
0.471219
0.470273
0.469327
0.46838
0.467432
0.466484
0.465535
0.464586
0.463637
0.462687
0.461736
0.460785
0.459834
0.458882
0.457929
0.456976
0.456023
0.455069
0.454115
0.45316
0.452205
0.451249
0.450293
0.449337
0.44838
0.447423
0.446465
0.445507
0.444548
0.44359
0.44263
0.441671
0.44071
0.43975
0.438789
0.437828
0.436866
0.435904
0.434942
0.433979
0.433016
0.432053
0.431089
0.430125
0.42916
0.428195
0.42723
0.426265
0.425299
0.424333
0.423366
0.422399
0.421432
0.420465
0.419497
0.418529
0.417561
0.416592
0.415623
0.414654
0.413684
0.412714
0.411744
0.410774
0.409803
0.408832
0.407861
0.406889
0.405917
0.404945
0.403973
0.403
0.402027
0.401054
0.400081
0.399107
0.398133
0.397159
0.396184
0.39521
0.394235
0.39326
0.392284
0.391309
0.390333
0.389357
0.38838
0.387404
0.386427
0.38545
0.384473
0.383496
0.382518
0.38154
0.380562
0.379584
0.378605
0.377627
0.376648
0.375669
0.37469
0.37371
0.372731
0.371751
0.370771
0.36979
0.36881
0.367829
0.366849
0.365868
0.364887
0.363905
0.362924
0.361942
0.36096
0.359978
0.358996
0.358014
0.357031
0.356049
0.355066
0.354083
0.3531
0.352116
0.351133
0.350149
0.349166
0.348182
0.347198
0.346213
0.345229
0.344245
0.34326
0.342275
0.34129
0.340305
0.33932
0.338335
0.337349
0.336363
0.335378
0.334392
0.333406
0.33242
0.331433
0.330447
0.329461
0.328474
0.327487
0.3265
0.325513
0.324526
0.323539
0.322552
0.321564
0.320576
0.319589
0.318601
0.317613
0.316625
0.315637
0.314649
0.31366
0.312672
0.311683
0.310695
0.309706
0.308717
0.307728
0.306739
0.30575
0.304761
0.303771
0.302782
0.301792
0.300803
0.299813
0.298823
0.297833
0.296843
0.295853
0.294863
0.293872
0.292882
0.291892
0.290901
0.289911
0.28892
0.287929
0.286938
0.285947
0.284956
0.283965
0.282974
0.281983
0.280991
0.28
0.279008
0.278017
0.277025
0.276034
0.275042
0.27405
0.273058
0.272066
0.271074
0.270082
0.26909
0.268097
0.267105
0.266113
0.26512
0.264128
0.263135
0.262143
0.26115
0.260157
0.259164
0.258171
0.257178
0.256185
0.255192
0.254199
0.253206
0.252213
0.251219
0.250226
0.249233
0.248239
0.247246
0.246252
0.245258
0.244265
0.243271
0.242277
0.241283
0.240289
0.239296
0.238302
0.237307
0.236313
0.235319
0.234325
0.233331
0.232337
0.231342
0.230348
0.229353
0.228359
0.227364
0.22637
0.225375
0.224381
0.223386
0.222391
0.221396
0.220402
0.219407
0.218412
0.217417
0.216422
0.215427
0.214432
0.213437
0.212442
0.211447
0.210451
0.209456
0.208461
0.207466
0.20647
0.205475
0.204479
0.203484
0.202488
0.201493
0.200497
0.199502
0.198506
0.19751
0.196515
0.195519
0.194523
0.193527
0.192532
0.191536
0.19054
0.189544
0.188548
0.187552
0.186556
0.18556
0.184564
0.183568
0.182572
0.181576
0.180579
0.179583
0.178587
0.177591
0.176594
0.175598
0.174602
0.173605
0.172609
0.171613
0.170616
0.16962
0.168623
0.167627
0.16663
0.165634
0.164637
0.16364
0.162644
0.161647
0.16065
0.159654
0.158657
0.15766
0.156664
0.155667
0.15467
0.153673
0.152676
0.151679
0.150682
0.149686
0.148689
0.147692
0.146695
0.145698
0.144701
0.143704
0.142707
0.14171
0.140712
0.139715
0.138718
0.137721
0.136724
0.135727
0.13473
0.133732
0.132735
0.131738
0.130741
0.129743
0.128746
0.127749
0.126751
0.125754
0.124757
0.123759
0.122762
0.121764
0.120767
0.11977
0.118772
0.117775
0.116777
0.11578
0.114782
0.113785
0.112787
0.111789
0.110792
0.109794
0.108797
0.107799
0.106801
0.105804
0.104806
0.103808
0.102811
0.101813
0.100815
0.0998177
0.0988199
0.0978222
0.0968245
0.0958267
0.0948289
0.0938311
0.0928333
0.0918355
0.0908377
0.0898398
0.088842
0.0878441
0.0868463
0.0858484
0.0848505
0.0838526
0.0828547
0.0818568
0.0808588
0.0798609
0.0788629
0.077865
0.076867
0.075869
0.074871
0.073873
0.072875
0.071877
0.070879
0.0698809
0.0688829
0.0678848
0.0668868
0.0658887
0.0648906
0.0638925
0.0628944
0.0618963
0.0608982
0.0599001
0.0589019
0.0579038
0.0569056
0.0559075
0.0549093
0.0539111
0.052913
0.0519148
0.0509166
0.0499184
0.0489202
0.0479219
0.0469237
0.0459255
0.0449272
0.043929
0.0429307
0.0419325
0.0409342
0.0399359
0.0389376
0.0379394
0.0369411
0.0359428
0.0349444
0.0339461
0.0329478
0.0319495
0.0309511
0.0299528
0.0289545
0.0279561
0.0269577
0.0259594
0.024961
0.0239626
0.0229643
0.0219659
0.0209675
0.0199691
0.0189707
0.0179723
0.0169738
0.0159754
0.014977
0.0139786
0.0129801
0.0119817
0.0109832
0.00998479
0.00898633
0.00798787
0.0069894
0.00599093
0.00499245
0.00399397
0.00299549
0.001997
0.0009985
6.75593e-018
