0
0.0859755
0.16272
0.231122
0.291981
0.346022
0.393901
0.43621
0.473483
0.506205
0.534812
0.559701
0.581228
0.599716
0.615458
0.628717
0.639731
0.648717
0.655869
0.661364
0.66536
0.668002
0.66942
0.669731
0.669042
0.667448
0.665037
0.661888
0.65807
0.653649
0.648682
0.643222
0.637317
0.631008
0.624335
0.617332
0.610032
0.602463
0.594651
0.586618
0.578388
0.569977
0.561404
0.552684
0.543832
0.53486
0.525779
0.516601
0.507333
0.497986
0.488566
0.479081
0.469537
0.459939
0.450293
0.440604
0.430875
0.42111
0.411313
0.401487
0.391634
0.381758
0.37186
0.361942
0.352007
0.342056
0.332091
0.322113
0.312123
0.302122
0.292112
0.282093
0.272066
0.262032
0.251992
0.241946
0.231895
0.221839
0.211778
0.201714
0.191646
0.181576
0.171502
0.161426
0.151347
0.141266
0.131184
0.121099
0.111014
0.100926
0.0908377
0.080748
0.0706572
0.0605655
0.0504729
0.0403796
0.0302856
0.0201909
0.0100957
-7.90587e-017
-0.0110482
-0.0220959
-0.033143
-0.0441895
-0.0552353
-0.0662803
-0.0773245
-0.0883678
-0.09941
-0.110451
-0.121491
-0.132529
-0.143566
-0.154601
-0.165634
-0.176665
-0.187694
-0.19872
-0.209744
-0.220764
-0.23178
-0.242793
-0.253802
-0.264806
-0.275804
-0.286797
-0.297783
-0.308763
-0.319734
-0.330697
-0.34165
-0.352593
-0.363524
-0.374441
-0.385345
-0.396233
-0.407103
-0.417953
-0.428782
-0.439588
-0.450366
-0.461116
-0.471834
-0.482516
-0.493158
-0.503757
-0.514308
-0.524805
-0.535243
-0.545616
-0.555916
-0.566136
-0.576268
-0.586302
-0.596228
-0.606034
-0.615707
-0.625234
-0.634598
-0.643783
-0.65277
-0.661536
-0.67006
-0.678315
-0.686273
-0.693901
-0.701166
-0.708028
-0.714444
-0.720368
-0.725746
-0.730521
-0.734629
-0.737999
-0.740552
-0.742202
-0.742852
-0.742397
-0.740718
-0.737686
-0.733158
-0.726973
-0.718955
-0.708911
-0.696625
-0.681857
-0.664346
-0.643798
-0.619892
-0.59227
-0.560537
-0.524256
-0.482945
-0.436067
-0.383033
-0.323187
-0.255805
-0.180086
