0
0.0179642
0.0267977
0.0355332
0.044172
0.0527148
0.0611627
0.0695166
0.0777775
0.0859462
0.0940237
0.102011
0.109909
0.117718
0.12544
0.133074
0.140623
0.148087
0.155467
0.162763
0.169977
0.177109
0.18416
0.191131
0.198022
0.204836
0.211571
0.218229
0.224812
0.231318
0.23775
0.244109
0.250393
0.256606
0.262747
0.268816
0.274815
0.280745
0.286605
0.292398
0.298123
0.30378
0.309372
0.314898
0.320359
0.325755
0.331089
0.336359
0.341566
0.346712
0.351797
0.356821
0.361785
0.366689
0.371535
0.376323
0.381053
0.385727
0.390343
0.394904
0.399409
0.40386
0.408256
0.412599
0.416888
0.421125
0.42531
0.429443
0.433525
0.437556
0.441537
0.445469
0.449351
0.453185
0.456971
0.460709
0.4644
0.468044
0.471642
0.475195
0.478702
0.482164
0.485581
0.488955
0.492285
0.495572
0.498816
0.502018
0.505178
0.508297
0.511374
0.514411
0.517408
0.520365
0.523283
0.526162
0.529001
0.531803
0.534567
0.537293
0.539983
0.542635
0.545251
0.547831
0.550376
0.552885
0.555359
0.557798
0.560204
0.562575
0.564913
0.567217
0.569489
0.571728
0.573934
0.576109
0.578252
0.580364
0.582445
0.584495
0.586514
0.588504
0.590464
0.592394
0.594295
0.596167
0.598011
0.599826
0.601613
0.603372
0.605104
0.606808
0.608486
0.610137
0.611761
0.61336
0.614932
0.616479
0.618
0.619496
0.620968
0.622414
0.623837
0.625235
0.626609
0.62796
0.629287
0.630591
0.631871
0.63313
0.634365
0.635579
0.63677
0.637939
0.639087
0.640213
0.641318
0.642402
0.643466
0.644508
0.645531
0.646533
0.647515
0.648477
0.64942
0.650343
0.651248
0.652133
0.652999
0.653847
0.654676
0.655487
0.65628
0.657055
0.657813
0.658552
0.659275
0.65998
0.660668
0.661339
0.661994
0.662632
0.663254
0.663859
0.664449
0.665022
0.66558
0.666123
0.66665
0.667161
0.667658
0.668139
0.668606
0.669058
0.669496
0.669919
0.670328
0.670723
0.671104
0.671471
0.671825
0.672165
0.672491
0.672805
0.673105
0.673392
0.673666
0.673928
0.674177
0.674413
0.674637
0.674849
0.675049
0.675237
0.675412
0.675576
0.675729
0.67587
0.675999
0.676117
0.676224
0.67632
0.676405
0.676479
0.676542
0.676595
0.676637
0.676669
0.67669
0.676701
0.676702
0.676693
0.676674
0.676645
0.676606
0.676558
0.6765
0.676433
0.676357
0.676271
0.676176
0.676072
0.675959
0.675837
0.675706
0.675567
0.675419
0.675262
0.675097
0.674923
0.674742
0.674552
0.674353
0.674147
0.673933
0.673711
0.673481
0.673244
0.672998
0.672746
0.672485
0.672218
0.671942
0.67166
0.67137
0.671074
0.67077
0.670459
0.670141
0.669817
0.669485
0.669147
0.668802
0.668451
0.668093
0.667729
0.667358
0.666981
0.666597
0.666208
0.665812
0.66541
0.665002
0.664589
0.664169
0.663743
0.663312
0.662875
0.662432
0.661984
0.66153
0.66107
0.660606
0.660135
0.65966
0.659179
0.658693
0.658201
0.657705
0.657203
0.656697
0.656185
0.655668
0.655147
0.654621
0.65409
0.653554
0.653013
0.652468
0.651919
0.651364
0.650806
0.650242
0.649675
0.649103
0.648526
0.647946
0.647361
0.646772
0.646178
0.645581
0.644979
0.644374
0.643764
0.643151
0.642533
0.641912
0.641287
0.640658
0.640025
0.639389
0.638749
0.638105
0.637458
0.636807
0.636152
0.635494
0.634832
0.634167
0.633499
0.632827
0.632152
0.631474
0.630792
0.630107
0.629419
0.628728
0.628033
0.627336
0.626635
0.625931
0.625224
0.624515
0.623802
0.623086
0.622368
0.621646
0.620922
0.620195
0.619465
0.618732
0.617997
0.617259
0.616518
0.615775
0.615029
0.61428
0.613529
0.612775
0.612019
0.61126
0.610499
0.609735
0.608969
0.6082
0.607429
0.606656
0.60588
0.605102
0.604322
0.603539
0.602755
0.601968
0.601178
0.600387
0.599594
0.598798
0.598
0.5972
0.596398
0.595595
0.594789
0.593981
0.593171
0.592359
0.591545
0.590729
0.589911
0.589092
0.58827
0.587447
0.586622
0.585795
0.584966
0.584135
0.583303
0.582469
0.581633
0.580795
0.579956
0.579115
0.578273
0.577429
0.576583
0.575735
0.574886
0.574036
0.573183
0.57233
0.571474
0.570618
0.569759
0.5689
0.568038
0.567176
0.566312
0.565446
0.564579
0.563711
0.562841
0.56197
0.561097
0.560223
0.559348
0.558472
0.557594
0.556715
0.555834
0.554953
0.55407
0.553185
0.5523
0.551413
0.550526
0.549637
0.548746
0.547855
0.546963
0.546069
0.545174
0.544278
0.543381
0.542483
0.541584
0.540683
0.539782
0.538879
0.537976
0.537071
0.536166
0.535259
0.534352
0.533443
0.532534
0.531623
0.530711
0.529799
0.528886
0.527971
0.527056
0.52614
0.525223
0.524304
0.523386
0.522466
0.521545
0.520623
0.519701
0.518778
0.517854
0.516929
0.516003
0.515076
0.514149
0.513221
0.512292
0.511362
0.510431
0.5095
0.508568
0.507635
0.506702
0.505767
0.504832
0.503896
0.50296
0.502023
0.501085
0.500146
0.499207
0.498267
0.497326
0.496385
0.495443
0.4945
0.493557
0.492613
0.491668
0.490723
0.489777
0.488831
0.487884
0.486936
0.485988
0.485039
0.48409
0.48314
0.482189
0.481238
0.480286
0.479334
0.478381
0.477428
0.476474
0.475519
0.474564
0.473609
0.472653
0.471696
0.470739
0.469781
0.468823
0.467865
0.466906
0.465946
0.464986
0.464025
0.463065
0.462103
0.461141
0.460179
0.459216
0.458253
0.457289
0.456325
0.45536
0.454395
0.45343
0.452464
0.451497
0.450531
0.449564
0.448596
0.447628
0.44666
0.445691
0.444722
0.443753
0.442783
0.441812
0.440842
0.439871
0.438899
0.437928
0.436956
0.435983
0.43501
0.434037
0.433064
0.43209
0.431116
0.430141
0.429166
0.428191
0.427216
0.42624
0.425264
0.424287
0.42331
0.422333
0.421356
0.420378
0.4194
0.418422
0.417443
0.416464
0.415485
0.414506
0.413526
0.412546
0.411566
0.410585
0.409604
0.408623
0.407642
0.40666
0.405678
0.404696
0.403713
0.402731
0.401748
0.400765
0.399781
0.398798
0.397814
0.39683
0.395845
0.394861
0.393876
0.392891
0.391905
0.39092
0.389934
0.388948
0.387962
0.386975
0.385989
0.385002
0.384015
0.383028
0.38204
0.381052
0.380065
0.379076
0.378088
0.3771
0.376111
0.375122
0.374133
0.373144
0.372155
0.371165
0.370175
0.369185
0.368195
0.367205
0.366214
0.365224
0.364233
0.363242
0.36225
0.361259
0.360268
0.359276
0.358284
0.357292
0.3563
0.355308
0.354315
0.353323
0.35233
0.351337
0.350344
0.349351
0.348357
0.347364
0.34637
0.345376
0.344382
0.343388
0.342394
0.3414
0.340405
0.33941
0.338416
0.337421
0.336426
0.335431
0.334435
0.33344
0.332444
0.331449
0.330453
0.329457
0.328461
0.327465
0.326469
0.325472
0.324476
0.323479
0.322483
0.321486
0.320489
0.319492
0.318495
0.317497
0.3165
0.315502
0.314505
0.313507
0.312509
0.311512
0.310514
0.309515
0.308517
0.307519
0.306521
0.305522
0.304524
0.303525
0.302526
0.301527
0.300528
0.299529
0.29853
0.297531
0.296532
0.295532
0.294533
0.293533
0.292534
0.291534
0.290534
0.289534
0.288534
0.287534
0.286534
0.285534
0.284534
0.283534
0.282533
0.281533
0.280532
0.279531
0.278531
0.27753
0.276529
0.275528
0.274527
0.273526
0.272525
0.271524
0.270522
0.269521
0.26852
0.267518
0.266517
0.265515
0.264513
0.263512
0.26251
0.261508
0.260506
0.259504
0.258502
0.2575
0.256498
0.255496
0.254493
0.253491
0.252489
0.251486
0.250484
0.249481
0.248479
0.247476
0.246473
0.245471
0.244468
0.243465
0.242462
0.241459
0.240456
0.239453
0.23845
0.237447
0.236444
0.23544
0.234437
0.233434
0.23243
0.231427
0.230423
0.22942
0.228416
0.227413
0.226409
0.225405
0.224402
0.223398
0.222394
0.22139
0.220386
0.219382
0.218378
0.217374
0.21637
0.215366
0.214362
0.213358
0.212353
0.211349
0.210345
0.209341
0.208336
0.207332
0.206327
0.205323
0.204318
0.203314
0.202309
0.201305
0.2003
0.199295
0.198291
0.197286
0.196281
0.195276
0.194271
0.193267
0.192262
0.191257
0.190252
0.189247
0.188242
0.187237
0.186232
0.185227
0.184221
0.183216
0.182211
0.181206
0.180201
0.179195
0.17819
0.177185
0.176179
0.175174
0.174169
0.173163
0.172158
0.171152
0.170147
0.169141
0.168136
0.16713
0.166124
0.165119
0.164113
0.163108
0.162102
0.161096
0.16009
0.159085
0.158079
0.157073
0.156067
0.155061
0.154056
0.15305
0.152044
0.151038
0.150032
0.149026
0.14802
0.147014
0.146008
0.145002
0.143996
0.14299
0.141984
0.140977
0.139971
0.138965
0.137959
0.136953
0.135947
0.13494
0.133934
0.132928
0.131921
0.130915
0.129909
0.128903
0.127896
0.12689
0.125883
0.124877
0.123871
0.122864
0.121858
0.120851
0.119845
0.118838
0.117832
0.116825
0.115819
0.114812
0.113806
0.112799
0.111793
0.110786
0.109779
0.108773
0.107766
0.106759
0.105753
0.104746
0.103739
0.102733
0.101726
0.100719
0.0997124
0.0987056
0.0976989
0.0966921
0.0956853
0.0946785
0.0936717
0.0926649
0.091658
0.0906512
0.0896443
0.0886374
0.0876305
0.0866237
0.0856167
0.0846098
0.0836029
0.082596
0.081589
0.0805821
0.0795751
0.0785681
0.0775611
0.0765541
0.0755471
0.0745401
0.0735331
0.0725261
0.071519
0.070512
0.0695049
0.0684978
0.0674907
0.0664837
0.0654766
0.0644695
0.0634623
0.0624552
0.0614481
0.0604409
0.0594338
0.0584266
0.0574195
0.0564123
0.0554051
0.0543979
0.0533907
0.0523835
0.0513763
0.0503691
0.0493619
0.0483546
0.0473474
0.0463402
0.0453329
0.0443256
0.0433184
0.0423111
0.0413038
0.0402965
0.0392892
0.0382819
0.0372746
0.0362673
0.03526
0.0342526
0.0332453
0.0322379
0.0312306
0.0302232
0.0292159
0.0282085
0.0272011
0.0261938
0.0251864
0.024179
0.0231716
0.0221642
0.0211568
0.0201494
0.0191419
0.0181345
0.0171271
0.0161197
0.0151122
0.0141048
0.0130973
0.0120899
0.0110824
0.0100749
0.00906746
0.00805999
0.0070525
0.00604502
0.00503753
0.00403003
0.00302253
0.00201502
0.00100751
0
