0.00903102
0.0179622
0.0267946
0.0355292
0.044167
0.0527088
0.0611557
0.0695086
0.0777684
0.0859361
0.0940126
0.101999
0.109896
0.117704
0.125424
0.133058
0.140606
0.148069
0.155448
0.162743
0.169956
0.177087
0.184137
0.191107
0.197997
0.204809
0.211544
0.218201
0.224782
0.231288
0.237719
0.244076
0.25036
0.256572
0.262711
0.26878
0.274778
0.280707
0.286566
0.292358
0.298081
0.303738
0.309329
0.314854
0.320314
0.325709
0.331041
0.33631
0.341517
0.346662
0.351745
0.356768
0.361731
0.366635
0.37148
0.376267
0.380996
0.385668
0.390284
0.394844
0.399348
0.403798
0.408193
0.412534
0.416823
0.421059
0.425242
0.429374
0.433455
0.437486
0.441466
0.445396
0.449278
0.453111
0.456896
0.460633
0.464323
0.467966
0.471563
0.475114
0.47862
0.482081
0.485498
0.48887
0.492199
0.495485
0.498728
0.501929
0.505088
0.508206
0.511283
0.514319
0.517315
0.520271
0.523187
0.526065
0.528904
0.531705
0.534467
0.537193
0.539881
0.542532
0.545147
0.547727
0.55027
0.552778
0.555251
0.55769
0.560094
0.562464
0.564801
0.567104
0.569375
0.571613
0.573819
0.575992
0.578134
0.580245
0.582325
0.584374
0.586392
0.588381
0.59034
0.592269
0.594169
0.59604
0.597883
0.599697
0.601483
0.603241
0.604972
0.606676
0.608352
0.610002
0.611626
0.613223
0.614794
0.61634
0.61786
0.619356
0.620826
0.622272
0.623693
0.62509
0.626463
0.627813
0.629139
0.630442
0.631722
0.632979
0.634213
0.635426
0.636616
0.637784
0.638931
0.640056
0.64116
0.642243
0.643306
0.644347
0.645369
0.64637
0.647351
0.648312
0.649254
0.650176
0.65108
0.651964
0.652829
0.653676
0.654504
0.655314
0.656106
0.65688
0.657636
0.658375
0.659097
0.659801
0.660488
0.661158
0.661812
0.662449
0.66307
0.663674
0.664263
0.664835
0.665392
0.665933
0.666459
0.66697
0.667466
0.667946
0.668412
0.668863
0.6693
0.669722
0.67013
0.670524
0.670904
0.67127
0.671623
0.671961
0.672287
0.672599
0.672899
0.673185
0.673458
0.673719
0.673966
0.674202
0.674425
0.674636
0.674834
0.675021
0.675196
0.675359
0.67551
0.67565
0.675779
0.675896
0.676002
0.676097
0.67618
0.676254
0.676316
0.676367
0.676408
0.676439
0.676459
0.676469
0.676469
0.676459
0.676439
0.676409
0.67637
0.676321
0.676262
0.676194
0.676116
0.676029
0.675933
0.675828
0.675714
0.675591
0.67546
0.675319
0.67517
0.675012
0.674846
0.674672
0.674489
0.674298
0.674099
0.673892
0.673676
0.673453
0.673223
0.672984
0.672738
0.672484
0.672223
0.671954
0.671678
0.671394
0.671104
0.670806
0.670501
0.670189
0.669871
0.669545
0.669212
0.668873
0.668528
0.668175
0.667816
0.667451
0.667079
0.666701
0.666317
0.665926
0.665529
0.665126
0.664718
0.664303
0.663882
0.663456
0.663023
0.662585
0.662141
0.661692
0.661237
0.660777
0.660311
0.659839
0.659363
0.658881
0.658394
0.657901
0.657404
0.656901
0.656394
0.655881
0.655363
0.654841
0.654314
0.653782
0.653245
0.652703
0.652157
0.651607
0.651051
0.650492
0.649927
0.649359
0.648786
0.648208
0.647626
0.647041
0.64645
0.645856
0.645258
0.644655
0.644049
0.643438
0.642824
0.642205
0.641583
0.640957
0.640327
0.639693
0.639056
0.638415
0.63777
0.637121
0.636469
0.635814
0.635155
0.634492
0.633826
0.633157
0.632484
0.631808
0.631129
0.630446
0.62976
0.629071
0.628378
0.627683
0.626984
0.626283
0.625578
0.62487
0.624159
0.623446
0.622729
0.622009
0.621287
0.620562
0.619834
0.619103
0.618369
0.617633
0.616894
0.616152
0.615407
0.61466
0.613911
0.613158
0.612404
0.611646
0.610886
0.610124
0.609359
0.608592
0.607823
0.607051
0.606276
0.6055
0.604721
0.603939
0.603156
0.60237
0.601582
0.600792
0.6
0.599205
0.598408
0.59761
0.596809
0.596006
0.595201
0.594394
0.593585
0.592774
0.591961
0.591146
0.590329
0.589511
0.58869
0.587867
0.587043
0.586217
0.585389
0.584559
0.583728
0.582894
0.582059
0.581222
0.580384
0.579544
0.578702
0.577858
0.577013
0.576166
0.575318
0.574468
0.573616
0.572763
0.571908
0.571052
0.570194
0.569335
0.568474
0.567612
0.566748
0.565883
0.565016
0.564148
0.563279
0.562408
0.561536
0.560662
0.559787
0.558911
0.558034
0.557155
0.556275
0.555393
0.554511
0.553627
0.552742
0.551855
0.550968
0.550079
0.549189
0.548298
0.547405
0.546512
0.545617
0.544721
0.543824
0.542926
0.542027
0.541127
0.540225
0.539323
0.53842
0.537515
0.536609
0.535703
0.534795
0.533887
0.532977
0.532067
0.531155
0.530242
0.529329
0.528414
0.527499
0.526583
0.525666
0.524747
0.523828
0.522908
0.521988
0.521066
0.520143
0.51922
0.518296
0.517371
0.516445
0.515518
0.51459
0.513662
0.512733
0.511803
0.510872
0.50994
0.509008
0.508075
0.507141
0.506206
0.505271
0.504335
0.503398
0.502461
0.501522
0.500584
0.499644
0.498704
0.497763
0.496821
0.495879
0.494936
0.493992
0.493048
0.492103
0.491157
0.490211
0.489264
0.488317
0.487369
0.48642
0.485471
0.484521
0.48357
0.482619
0.481668
0.480716
0.479763
0.478809
0.477856
0.476901
0.475946
0.474991
0.474035
0.473078
0.472121
0.471164
0.470206
0.469247
0.468288
0.467328
0.466368
0.465408
0.464447
0.463485
0.462523
0.461561
0.460598
0.459634
0.45867
0.457706
0.456741
0.455776
0.454811
0.453845
0.452878
0.451911
0.450944
0.449976
0.449008
0.44804
0.447071
0.446101
0.445132
0.444161
0.443191
0.44222
0.441249
0.440277
0.439305
0.438333
0.43736
0.436387
0.435413
0.43444
0.433465
0.432491
0.431516
0.430541
0.429565
0.428589
0.427613
0.426637
0.42566
0.424683
0.423705
0.422728
0.421749
0.420771
0.419792
0.418813
0.417834
0.416854
0.415874
0.414894
0.413914
0.412933
0.411952
0.410971
0.409989
0.409007
0.408025
0.407043
0.40606
0.405077
0.404094
0.403111
0.402127
0.401143
0.400159
0.399174
0.39819
0.397205
0.39622
0.395234
0.394249
0.393263
0.392277
0.39129
0.390304
0.389317
0.38833
0.387343
0.386355
0.385368
0.38438
0.383392
0.382404
0.381415
0.380426
0.379437
0.378448
0.377459
0.37647
0.37548
0.37449
0.3735
0.37251
0.371519
0.370529
0.369538
0.368547
0.367556
0.366565
0.365573
0.364581
0.36359
0.362598
0.361605
0.360613
0.35962
0.358628
0.357635
0.356642
0.355649
0.354655
0.353662
0.352668
0.351675
0.350681
0.349687
0.348692
0.347698
0.346703
0.345709
0.344714
0.343719
0.342724
0.341729
0.340733
0.339738
0.338742
0.337746
0.33675
0.335754
0.334758
0.333762
0.332766
0.331769
0.330772
0.329776
0.328779
0.327782
0.326785
0.325787
0.32479
0.323792
0.322795
0.321797
0.320799
0.319801
0.318803
0.317805
0.316807
0.315808
0.31481
0.313811
0.312813
0.311814
0.310815
0.309816
0.308817
0.307818
0.306818
0.305819
0.30482
0.30382
0.30282
0.301821
0.300821
0.299821
0.298821
0.297821
0.29682
0.29582
0.29482
0.293819
0.292819
0.291818
0.290817
0.289817
0.288816
0.287815
0.286814
0.285813
0.284811
0.28381
0.282809
0.281807
0.280806
0.279804
0.278803
0.277801
0.276799
0.275797
0.274795
0.273793
0.272791
0.271789
0.270787
0.269785
0.268782
0.26778
0.266777
0.265775
0.264772
0.26377
0.262767
0.261764
0.260761
0.259758
0.258755
0.257752
0.256749
0.255746
0.254743
0.25374
0.252736
0.251733
0.250729
0.249726
0.248722
0.247719
0.246715
0.245711
0.244708
0.243704
0.2427
0.241696
0.240692
0.239688
0.238684
0.23768
0.236676
0.235672
0.234667
0.233663
0.232659
0.231654
0.23065
0.229645
0.228641
0.227636
0.226632
0.225627
0.224622
0.223617
0.222613
0.221608
0.220603
0.219598
0.218593
0.217588
0.216583
0.215578
0.214573
0.213568
0.212563
0.211557
0.210552
0.209547
0.208541
0.207536
0.206531
0.205525
0.20452
0.203514
0.202509
0.201503
0.200497
0.199492
0.198486
0.19748
0.196475
0.195469
0.194463
0.193457
0.192451
0.191445
0.19044
0.189434
0.188428
0.187422
0.186415
0.185409
0.184403
0.183397
0.182391
0.181385
0.180379
0.179372
0.178366
0.17736
0.176353
0.175347
0.174341
0.173334
0.172328
0.171321
0.170315
0.169308
0.168302
0.167295
0.166289
0.165282
0.164275
0.163269
0.162262
0.161255
0.160249
0.159242
0.158235
0.157228
0.156222
0.155215
0.154208
0.153201
0.152194
0.151187
0.15018
0.149173
0.148166
0.147159
0.146152
0.145145
0.144138
0.143131
0.142124
0.141117
0.14011
0.139103
0.138095
0.137088
0.136081
0.135074
0.134067
0.133059
0.132052
0.131045
0.130038
0.12903
0.128023
0.127015
0.126008
0.125001
0.123993
0.122986
0.121978
0.120971
0.119964
0.118956
0.117949
0.116941
0.115934
0.114926
0.113918
0.112911
0.111903
0.110896
0.109888
0.10888
0.107873
0.106865
0.105858
0.10485
0.103842
0.102834
0.101827
0.100819
0.0998113
0.0988035
0.0977958
0.096788
0.0957802
0.0947724
0.0937646
0.0927568
0.0917489
0.0907411
0.0897332
0.0887254
0.0877175
0.0867096
0.0857017
0.0846938
0.0836859
0.0826779
0.08167
0.080662
0.0796541
0.0786461
0.0776381
0.0766301
0.0756221
0.0746141
0.0736061
0.072598
0.07159
0.070582
0.0695739
0.0685658
0.0675578
0.0665497
0.0655416
0.0645335
0.0635254
0.0625172
0.0615091
0.060501
0.0594928
0.0584847
0.0574765
0.0564683
0.0554601
0.054452
0.0534438
0.0524356
0.0514274
0.0504191
0.0494109
0.0484027
0.0473944
0.0463862
0.0453779
0.0443697
0.0433614
0.0423531
0.0413448
0.0403365
0.0393283
0.0383199
0.0373116
0.0363033
0.035295
0.0342867
0.0332783
0.03227
0.0312616
0.0302533
0.0292449
0.0282366
0.0272282
0.0262198
0.0252114
0.024203
0.0231946
0.0221862
0.0211778
0.0201694
0.019161
0.0181525
0.0171441
0.0161357
0.0151272
0.0141188
0.0131103
0.0121019
0.0110934
0.010085
0.00907648
0.008068
0.00705952
0.00605103
0.00504254
0.00403404
0.00302554
0.00201703
0.00100852
