0.0843657
0.159845
0.227276
0.287418
0.340957
0.388515
0.430657
0.467894
0.500686
0.529455
0.554578
0.576399
0.595231
0.611353
0.625023
0.636471
0.645906
0.653519
0.659481
0.663947
0.667059
0.668945
0.669719
0.669488
0.668344
0.666376
0.663659
0.660265
0.656258
0.651696
0.64663
0.641108
0.635174
0.628866
0.622219
0.615265
0.608034
0.600551
0.59284
0.584923
0.576819
0.568545
0.560118
0.551552
0.542861
0.534055
0.525146
0.516144
0.507057
0.497893
0.48866
0.479364
0.470011
0.460606
0.451155
0.441661
0.432129
0.422562
0.412964
0.403337
0.393685
0.384009
0.374311
0.364595
0.354861
0.345112
0.335348
0.325572
0.315784
0.305985
0.296176
0.286359
0.276534
0.266702
0.256864
0.247019
0.23717
0.227315
0.217456
0.207594
0.197727
0.187858
0.177985
0.16811
0.158233
0.148353
0.138471
0.128588
0.118703
0.108816
0.0989286
0.0890396
0.0791495
0.0692584
0.0593664
0.0494736
0.0395801
0.0296859
0.0197911
0.00989582
