9.33569e+25 2.06734e+26 3.81077e+25
7.57394e+25 1.88008e+26 1.44661e+26
7.65273e+25 1.8893e+26 1.9227e+26
8.12903e+25 1.94733e+26 1.02095e+26
8.42847e+25 1.98375e+26 4.15028e+25
8.39707e+25 1.98e+26 1.57556e+26
8.27048e+25 1.96506e+26 1.96571e+26
8.22078e+25 1.95918e+26 8.09378e+25
8.23803e+25 1.96123e+26 5.34071e+25
8.26434e+25 1.96436e+26 1.76858e+26
8.27196e+25 1.96527e+26 1.86455e+26
8.26659e+25 1.96463e+26 6.28433e+25
8.26117e+25 1.96398e+26 6.94415e+25
8.26027e+25 1.96388e+26 1.9083e+26
8.2617e+25 1.96405e+26 1.70337e+26
8.26275e+25 1.96417e+26 4.85017e+25
8.26279e+25 1.96418e+26 8.96681e+25
8.26244e+25 1.96414e+26 1.98677e+26
8.26225e+25 1.96411e+26 1.50193e+26
8.26227e+25 1.96412e+26 3.99348e+25
8.26235e+25 1.96412e+26 1.12367e+26
8.26239e+25 1.96413e+26 1.99566e+26
8.26238e+25 1.96413e+26 1.27526e+26
8.26236e+25 1.96413e+26 3.7792e+25
8.26235e+25 1.96412e+26 1.35668e+26
8.26236e+25 1.96413e+26 2.00078e+26
8.26236e+25 1.96413e+26 1.04222e+26
8.26236e+25 1.96413e+26 4.22383e+25
8.26236e+25 1.96413e+26 1.57662e+26
8.26236e+25 1.96413e+26 1.96679e+26
8.26236e+25 1.96413e+26 8.21846e+25
8.26236e+25 1.96413e+26 5.29211e+25
8.26236e+25 1.96413e+26 1.76508e+26
8.26236e+25 1.96413e+26 1.86574e+26
8.26236e+25 1.96413e+26 6.31937e+25
8.26236e+25 1.96413e+26 6.89905e+25
8.26236e+25 1.96413e+26 1.90577e+26
8.26236e+25 1.96413e+26 1.70776e+26
8.26236e+25 1.96413e+26 4.87702e+25
8.26236e+25 1.96413e+26 8.9164e+25
8.26236e+25 1.96413e+26 1.9857e+26
8.26236e+25 1.96413e+26 1.50703e+26
8.26236e+25 1.96413e+26 4.00638e+25
8.26236e+25 1.96413e+26 1.11822e+26
8.26236e+25 1.96413e+26 1.99628e+26
8.26236e+25 1.96413e+26 1.28071e+26
8.26236e+25 1.96413e+26 3.77665e+25
8.26236e+25 1.96413e+26 1.3513e+26
8.26236e+25 1.96413e+26 2.00072e+26
8.26236e+25 1.96413e+26 1.0476e+26
8.26236e+25 1.96413e+26 4.20607e+25
8.26236e+25 1.96413e+26 1.57176e+26
8.26236e+25 1.96413e+26 1.96838e+26
8.26236e+25 1.96413e+26 8.2672e+25
8.26236e+25 1.96413e+26 5.26054e+25
8.26236e+25 1.96413e+26 1.76116e+26
8.26236e+25 1.96413e+26 1.8688e+26
8.26236e+25 1.96413e+26 6.35912e+25
8.26236e+25 1.96413e+26 6.85619e+25
8.26236e+25 1.96413e+26 1.90312e+26
8.26236e+25 1.96413e+26 1.712e+26
8.26236e+25 1.96413e+26 4.9046e+25
8.26236e+25 1.96413e+26 8.86567e+25
8.26236e+25 1.96413e+26 1.9846e+26
8.26236e+25 1.96413e+26 1.51209e+26
8.26236e+25 1.96413e+26 4.0196e+25
8.26236e+25 1.96413e+26 1.11277e+26
8.26236e+25 1.96413e+26 1.99686e+26
8.26236e+25 1.96413e+26 1.28616e+26
8.26236e+25 1.96413e+26 3.77446e+25
8.26236e+25 1.96413e+26 1.34591e+26
8.26236e+25 1.96413e+26 2.00062e+26
8.26236e+25 1.96413e+26 1.05298e+26
8.26236e+25 1.96413e+26 4.18865e+25
8.26236e+25 1.96413e+26 1.56689e+26
8.26236e+25 1.96413e+26 1.96994e+26
8.26236e+25 1.96413e+26 8.3161e+25
8.26236e+25 1.96413e+26 5.22926e+25
8.26236e+25 1.96413e+26 1.75721e+26
8.26236e+25 1.96413e+26 1.87183e+26
8.26236e+25 1.96413e+26 6.39911e+25
8.26236e+25 1.96413e+26 6.81355e+25
8.26236e+25 1.96413e+26 1.90045e+26
8.26236e+25 1.96413e+26 1.71623e+26
8.26236e+25 1.96413e+26 4.9325e+25
8.26236e+25 1.96413e+26 8.81508e+25
8.26236e+25 1.96413e+26 1.98346e+26
8.26236e+25 1.96413e+26 1.51714e+26
8.26236e+25 1.96413e+26 4.03318e+25
8.26236e+25 1.96413e+26 1.10732e+26
8.26236e+25 1.96413e+26 1.9974e+26
8.26236e+25 1.96413e+26 1.29161e+26
8.26236e+25 1.96413e+26 3.77264e+25
8.26236e+25 1.96413e+26 1.34052e+26
8.26236e+25 1.96413e+26 2.00048e+26
8.26236e+25 1.96413e+26 1.05838e+26
8.26236e+25 1.96413e+26 4.17157e+25
8.26236e+25 1.96413e+26 1.562e+26
8.26236e+25 1.96413e+26 1.97146e+26
8.26236e+25 1.96413e+26 8.36517e+25
8.26236e+25 1.96413e+26 5.19829e+25
8.26236e+25 1.96413e+26 1.75324e+26
8.26236e+25 1.96413e+26 1.87483e+26
8.26236e+25 1.96413e+26 6.43936e+25
8.26236e+25 1.96413e+26 6.77115e+25
8.26236e+25 1.96413e+26 1.89774e+26
8.26236e+25 1.96413e+26 1.72043e+26
8.26236e+25 1.96413e+26 4.96071e+25
8.26236e+25 1.96413e+26 8.76464e+25
8.26236e+25 1.96413e+26 1.98228e+26
8.26236e+25 1.96413e+26 1.52217e+26
8.26236e+25 1.96413e+26 4.04711e+25
8.26236e+25 1.96413e+26 1.10188e+26
8.26236e+25 1.96413e+26 1.9979e+26
8.26236e+25 1.96413e+26 1.29705e+26
8.26236e+25 1.96413e+26 3.77118e+25
8.26236e+25 1.96413e+26 1.33513e+26
8.26236e+25 1.96413e+26 2.0003e+26
8.26236e+25 1.96413e+26 1.06378e+26
8.26236e+25 1.96413e+26 4.15484e+25
