1.3033e+26 1.6277e+26 5.71194e+25
1.42214e+26 2.47846e+26 3.91855e+25
1.4494e+26 1.86625e+26 5.25364e+25
1.35621e+26 2.49846e+26 3.79602e+25
1.6194e+26 1.74381e+26 5.94311e+25
1.57043e+26 2.70381e+26 3.77458e+25
2.63956e+26 1.67227e+26 7.91216e+25
2.30014e+26 3.16951e+26 3.89692e+25
1.34364e+27 1.30074e+26 2.29503e+26
1.11017e+27 1.32902e+26 2.04173e+26
5.3935e+26 4.74401e+25 3.98682e+26
5.08851e+26 3.27271e+25 5.61337e+26
4.96077e+26 2.51428e+25 7.21434e+26
4.89027e+26 2.04587e+25 8.80288e+26
4.8455e+26 1.72642e+25 1.03839e+27
4.81454e+26 1.49414e+25 1.19597e+27
4.79184e+26 1.31744e+25 1.35319e+27
4.77447e+26 1.17839e+25 1.51011e+27
4.76076e+26 1.06607e+25 1.66682e+27
4.74965e+26 9.73415e+24 1.82335e+27
4.74047e+26 8.9566e+24 1.97972e+27
4.73276e+26 8.29465e+24 2.13597e+27
4.72618e+26 7.72424e+24 2.29211e+27
4.72051e+26 7.22754e+24 2.44816e+27
4.71557e+26 6.79111e+24 2.60413e+27
4.71122e+26 6.40457e+24 2.76003e+27
4.70737e+26 6.0598e+24 2.91586e+27
4.70394e+26 5.75038e+24 3.07164e+27
4.70085e+26 5.47112e+24 3.22737e+27
4.69807e+26 5.2178e+24 3.38305e+27
4.69554e+26 4.98696e+24 3.53869e+27
4.69324e+26 4.77574e+24 3.6943e+27
4.69113e+26 4.58173e+24 3.84986e+27
4.68919e+26 4.4029e+24 4.0054e+27
4.68741e+26 4.23755e+24 4.16091e+27
4.68576e+26 4.08419e+24 4.31639e+27
4.68423e+26 3.94156e+24 4.47184e+27
4.6828e+26 3.80859e+24 4.62728e+27
4.68147e+26 3.68431e+24 4.78269e+27
4.68023e+26 3.5679e+24 4.93808e+27
4.67907e+26 3.45863e+24 5.09345e+27
4.67798e+26 3.35587e+24 5.2488e+27
4.67695e+26 3.25905e+24 5.40414e+27
4.67598e+26 3.16767e+24 5.55946e+27
4.67507e+26 3.08129e+24 5.71476e+27
4.67421e+26 2.9995e+24 5.87005e+27
4.67339e+26 2.92194e+24 6.02533e+27
4.67262e+26 2.8483e+24 6.18059e+27
4.67188e+26 2.77829e+24 6.33584e+27
4.67118e+26 2.71164e+24 6.49108e+27
4.67052e+26 2.64812e+24 6.64631e+27
4.66988e+26 2.58751e+24 6.80153e+27
4.66927e+26 2.52962e+24 6.95674e+27
4.6687e+26 2.47426e+24 7.11194e+27
4.66814e+26 2.42128e+24 7.26713e+27
4.66761e+26 2.37052e+24 7.42231e+27
4.66711e+26 2.32185e+24 7.57749e+27
4.66662e+26 2.27514e+24 7.73265e+27
4.66615e+26 2.23028e+24 7.88781e+27
4.6657e+26 2.18715e+24 8.04296e+27
4.66527e+26 2.14566e+24 8.1981e+27
4.66486e+26 2.10572e+24 8.35324e+27
4.66446e+26 2.06724e+24 8.50837e+27
4.66407e+26 2.03014e+24 8.66349e+27
4.6637e+26 1.99435e+24 8.81861e+27
4.66335e+26 1.9598e+24 8.97372e+27
4.663e+26 1.92643e+24 9.12883e+27
4.66267e+26 1.89418e+24 9.28393e+27
4.66234e+26 1.86299e+24 9.43902e+27
4.66203e+26 1.83282e+24 9.59411e+27
4.66173e+26 1.8036e+24 9.7492e+27
4.66144e+26 1.77531e+24 9.90427e+27
4.66116e+26 1.74789e+24 1.00593e+28
4.66088e+26 1.7213e+24 1.02144e+28
4.66062e+26 1.69551e+24 1.03695e+28
4.66036e+26 1.67048e+24 1.05245e+28
4.66011e+26 1.64619e+24 1.06796e+28
4.65987e+26 1.62259e+24 1.08347e+28
4.65963e+26 1.59965e+24 1.09897e+28
4.6594e+26 1.57736e+24 1.11448e+28
4.65918e+26 1.55568e+24 1.12998e+28
4.65896e+26 1.53459e+24 1.14548e+28
4.65875e+26 1.51406e+24 1.16099e+28
4.65854e+26 1.49408e+24 1.17649e+28
4.65834e+26 1.47461e+24 1.19199e+28
4.65815e+26 1.45565e+24 1.2075e+28
4.65796e+26 1.43717e+24 1.223e+28
4.65778e+26 1.41915e+24 1.2385e+28
4.6576e+26 1.40158e+24 1.254e+28
4.65742e+26 1.38444e+24 1.2695e+28
4.65725e+26 1.36772e+24 1.285e+28
4.65708e+26 1.35139e+24 1.3005e+28
4.65692e+26 1.33545e+24 1.316e+28
4.65676e+26 1.31988e+24 1.33151e+28
4.6566e+26 1.30467e+24 1.34701e+28
4.65645e+26 1.28981e+24 1.3625e+28
4.6563e+26 1.27528e+24 1.378e+28
4.65616e+26 1.26108e+24 1.3935e+28
4.65602e+26 1.24719e+24 1.409e+28
4.65588e+26 1.2336e+24 1.4245e+28
4.65574e+26 1.2203e+24 1.44e+28
4.65561e+26 1.20729e+24 1.4555e+28
4.65548e+26 1.19456e+24 1.471e+28
4.65535e+26 1.18209e+24 1.48649e+28
4.65523e+26 1.16987e+24 1.50199e+28
4.6551e+26 1.15791e+24 1.51749e+28
4.65498e+26 1.14619e+24 1.53299e+28
4.65487e+26 1.13471e+24 1.54848e+28
4.65475e+26 1.12345e+24 1.56398e+28
4.65464e+26 1.11241e+24 1.57948e+28
4.65453e+26 1.10159e+24 1.59497e+28
4.65442e+26 1.09098e+24 1.61047e+28
4.65431e+26 1.08057e+24 1.62597e+28
4.65421e+26 1.07036e+24 1.64146e+28
4.65411e+26 1.06033e+24 1.65696e+28
4.65401e+26 1.0505e+24 1.67245e+28
4.65391e+26 1.04084e+24 1.68795e+28
4.65381e+26 1.03137e+24 1.70344e+28
4.65372e+26 1.02206e+24 1.71894e+28
4.65363e+26 1.01292e+24 1.73443e+28
