-0.141965 1.13117
-1.02139 0.726815
-1.23857 -0.14879
-0.761205 -0.940959
0.166581 -1.17635
0.988383 -0.663315
1.1657 0.282239
0.593588 1.04634
-0.354121 1.14837
-1.07842 0.525894
-1.11964 -0.429682
-0.449491 -1.11226
0.506305 -1.088
1.14066 -0.373016
1.05127 0.578653
0.294809 1.16315
-0.648759 1.00942
-1.18053 0.214974
-0.963 -0.71592
-0.134259 -1.19243
0.779694 -0.912124
1.19879 -0.0529084
0.857017 0.839887
-0.0286954 1.19961
-0.896195 0.797952
-1.19489 -0.110161
-0.735196 -0.948355
0.191118 -1.18464
0.996131 -0.66904
1.16891 0.271192
0.599789 1.0393
-0.350011 1.14777
-1.07766 0.527765
-1.12133 -0.427211
-0.4533 -1.11104
0.502436 -1.0897
1.13928 -0.376738
1.05303 0.575337
0.298435 1.16225
-0.645578 1.01149
-1.17985 0.218751
-0.965278 -0.712832
-0.138055 -1.19199
0.77679 -0.914597
1.19861 -0.0567209
0.859687 0.837156
-0.0248755 1.1997
-0.89365 0.800801
-1.19523 -0.106357
-0.738211 -0.946011
0.187346 -1.18524
0.993997 -0.672207
1.16977 0.267469
0.603094 1.03739
-0.346356 1.14888
-1.07598 0.531193
-1.12268 -0.42364
-0.456834 -1.10959
0.498965 -1.0913
1.13808 -0.380363
1.05486 0.571982
0.302133 1.1613
-0.642355 1.01354
-1.17914 0.222505
-0.967542 -0.709756
-0.141849 -1.19154
0.773875 -0.917065
1.19843 -0.0605361
0.862347 0.834415
-0.0210565 1.19977
-0.891096 0.803641
-1.19556 -0.102552
-0.741219 -0.943656
0.183573 -1.18583
0.991852 -0.675368
1.17061 0.263744
0.606394 1.03546
-0.342697 1.14998
-1.07428 0.534615
-1.12403 -0.420064
-0.460364 -1.10813
0.495489 -1.09288
1.13686 -0.383984
1.05667 0.568622
0.305828 1.16033
-0.639125 1.01558
-1.17843 0.226258
-0.969797 -0.706672
-0.145641 -1.19108
0.770952 -0.919524
1.19823 -0.0643506
0.864999 0.831666
-0.0172372 1.19983
-0.888533 0.806474
-1.19588 -0.0987454
-0.744219 -0.941292
0.179797 -1.18641
0.989697 -0.678522
1.17144 0.260017
0.609687 1.03352
-0.339034 1.15106
-1.07257 0.538032
-1.12536 -0.416484
-0.463889 -1.10666
0.492007 -1.09445
1.13563 -0.387601
1.05848 0.565255
0.30952 1.15935
-0.635889 1.01761
-1.1777 0.230008
-0.972041 -0.703582
-0.149432 -1.19061
0.768021 -0.921974
1.19802 -0.0681645
0.867642 0.828908
-0.0134178 1.19988
-0.885962 0.809298
-1.19619 -0.0949381
-0.747211 -0.938918
0.176019 -1.18697
