1 1.0472
-0.0966227 0.946014
-1.15834 0.503108
-0.742859 -0.581399
0.0770824 -1.34936
0.796325 -0.354533
1.16186 0.797765
-0.396313 0.629193
-1.79924 0.214154
1.5965 -0.772045
4.69794 -1.61592
6.87561 -2.14206
8.99179 -2.64904
11.0816 -3.14824
13.1566 -3.64325
15.2222 -4.13565
17.2812 -4.62626
19.3354 -5.11558
21.3859 -5.60392
23.4335 -6.0915
25.4787 -6.57845
27.5219 -7.0649
29.5635 -7.55092
31.6036 -8.03658
33.6426 -8.52193
35.6804 -9.00701
37.7173 -9.49186
39.7535 -9.97649
41.7888 -10.4609
43.8235 -10.9452
45.8576 -11.4294
47.8911 -11.9134
49.9242 -12.3972
51.9568 -12.881
53.989 -13.3646
56.0208 -13.8482
58.0522 -14.3317
60.0833 -14.8151
62.1141 -15.2984
64.1446 -15.7816
66.1748 -16.2648
68.2048 -16.7479
70.2346 -17.231
72.2641 -17.714
74.2934 -18.1969
76.3225 -18.6798
78.3515 -19.1627
80.3802 -19.6455
82.4088 -20.1283
84.4372 -20.611
86.4655 -21.0937
88.4936 -21.5764
90.5216 -22.059
92.5495 -22.5416
94.5772 -23.0242
96.6049 -23.5067
98.6324 -23.9892
100.66 -24.4717
102.687 -24.9542
104.714 -25.4366
106.741 -25.919
108.768 -26.4014
110.795 -26.8838
112.822 -27.3661
114.849 -27.8484
116.875 -28.3307
118.902 -28.813
120.928 -29.2953
122.955 -29.7775
124.981 -30.2598
127.008 -30.742
129.034 -31.2242
131.06 -31.7064
133.086 -32.1885
135.112 -32.6707
137.138 -33.1528
139.164 -33.6349
141.19 -34.1171
143.216 -34.5992
145.241 -35.0813
147.267 -35.5633
149.293 -36.0454
151.319 -36.5275
153.344 -37.0095
155.37 -37.4915
157.395 -37.9735
159.421 -38.4556
161.446 -38.9376
163.471 -39.4196
165.497 -39.9015
167.522 -40.3835
169.547 -40.8655
171.572 -41.3474
173.598 -41.8294
175.623 -42.3113
177.648 -42.7932
179.673 -43.2752
181.698 -43.7571
183.723 -44.239
185.748 -44.7209
187.773 -45.2028
189.798 -45.6847
191.823 -46.1665
193.848 -46.6484
195.872 -47.1303
197.897 -47.6121
199.922 -48.094
201.947 -48.5758
203.972 -49.0577
205.996 -49.5395
208.021 -50.0213
210.046 -50.5032
212.07 -50.985
214.095 -51.4668
216.119 -51.9486
218.144 -52.4304
220.169 -52.9122
222.193 -53.394
224.218 -53.8758
226.242 -54.3575
