0.482029 0.881768
-0.0350777 1.02725
-0.543018 0.904299
-0.918986 0.561573
-1.08677 0.0916325
-1.02047 -0.398046
-0.739901 -0.804146
-0.304427 -1.04189
0.195657 -1.05851
0.653267 -0.845351
0.965648 -0.444255
1.05925 0.0574905
0.910324 0.546072
0.552547 0.909374
0.0685885 1.06501
-0.430909 0.979365
-0.833589 0.673678
-1.05017 0.217596
-1.03314 -0.286893
-0.786411 -0.7276
-0.364579 -1.0063
0.138652 -1.06032
0.610838 -0.876931
0.945949 -0.496755
1.06852 -0.00496539
0.950941 0.487941
0.61976 0.871242
0.149492 1.05902
-0.354291 1.00937
-0.778705 0.733592
-1.02874 0.293545
-1.04844 -0.212229
-0.833346 -0.670475
-0.431566 -0.978523
0.0669251 -1.06729
0.550414 -0.916824
0.910508 -0.560817
1.06647 -0.0790769
0.98335 0.42039
0.679804 0.825624
0.223894 1.04581
-0.282194 1.03162
-0.725042 0.786244
-1.00541 0.364675
-1.06047 -0.138617
-0.877867 -0.610844
-0.498519 -0.946171
-0.00744118 -1.06944
0.485304 -0.953013
0.869279 -0.622989
1.05842 -0.153337
1.01035 0.350682
0.735832 0.776106
0.296402 1.02759
-0.209458 1.04877
-0.668375 0.834904
-0.977496 0.43392
-1.06754 -0.0643136
-0.91833 -0.548133
-0.5633 -0.909105
-0.0820231 -1.06633
0.417637 -0.98456
0.823696 -0.682133
1.04515 -0.226826
1.03236 0.279318
0.788197 0.722861
0.367385 1.0044
-0.135766 1.06083
-0.608489 0.879502
-0.944837 0.501064
-1.06943 0.0103267
-0.954337 -0.482725
-0.625359 -0.867587
-0.156225 -1.05801
0.347922 -1.0113
0.774092 -0.737945
1.02677 -0.299199
1.04933 0.206603
0.836714 0.666102
0.436571 0.976313
-0.0614164 1.06771
-0.545639 0.919815
-0.907573 0.565768
-1.0661 0.0849205
-0.985693 -0.41496
-0.684371 -0.821839
-0.229667 -1.04453
0.27651 -1.03311
0.720715 -0.790159
1.00339 -0.370113
1.06119 0.132883
0.881152 0.606097
0.503629 0.943472
0.013233 1.0694
-0.480129 0.955645
-0.865885 0.627715
-1.05758 0.159101
-1.01224 -0.345171
-0.740047 -0.772083
-0.301989 -1.02596
0.20375 -1.04989
0.663825 -0.838521
0.975123 -0.439223
1.06788 0.058514
0.921295 0.543137
0.568233 0.906032
0.0878179 1.06587
-0.412279 0.986817
-0.819975 0.686602
-1.0439 0.232505
-1.03386 -0.273701
-0.792115 -0.718565
-0.372839 -1.00238
0.129998 -1.06155
0.603699 -0.882796
0.9421 -0.506192
1.06936 -0.0161397
0.956947 0.47753
0.630066 0.864175
0.161975 1.05714
-0.342419 1.01318
-0.770069 0.742143
-1.02513 0.304777
-1.05044 -0.200896
-0.840323 -0.661544
-0.441872 -0.973926
0.0556112 -1.06803
0.540631 -0.922768
0.904484 -0.570693
1.06562 -0.0907147
0.987934 0.409595
0.688829 0.818106
0.235342 1.04326
-0.27089 1.0346
-0.716409 0.794066
-1.00137 0.375563
-1.0619 -0.127112
-0.884434 -0.601298
-0.508751 -0.94072
-0.0190463 -1.06931
0.474927 -0.958241
0.862459 -0.632413
1.0567 -0.164848
1.01411 0.339664
0.744233 0.768049
0.307562 1.0243
-0.19804 1.05098
-0.659257 0.842118
-0.972721 0.444518
-1.06818 -0.0527079
-0.924234 -0.538121
-0.57315 -0.902929
-0.0936109 -1.06537
0.406908 -0.989044
0.816231 -0.69105
1.04262 -0.238177
1.03533 0.268076
0.79601 0.714248
0.378283 1.00034
-0.124225 1.06224
-0.598891 0.886065
-0.939334 0.511306
-1.06925 0.0219527
-0.959529 -0.472321
-0.634755 -0.860737
-0.167719 -1.05624
0.336906 -1.01503
0.766023 -0.746318
1.02346 -0.310345
1.05152 0.195182
0.843907 0.656966
0.44716 0.971509
-0.0498043 1.06832
-0.535607 0.925693
-0.901368 0.575602
-1.06511 0.0965064
-0.990146 -0.404218
-0.693266 -0.814349
-0.24101 -1.04197
0.265261 -1.03606
0.712082 -0.797948
0.99931 -0.381001
1.06257 0.121337
0.88769 0.596481
0.513857 0.937941
0.024859 1.06919
-0.469711 0.960809
-0.859009 0.637092
-1.05578 0.17059
-1.01594 -0.334146
-0.748397 -0.763992
-0.313126 -1.02261
0.192324 -1.05204
0.654669 -0.845689
0.97029 -0.449799
1.06845 0.0469003
0.927146 0.533088
0.57805 0.8998
0.0994012 1.06485
-0.401525 0.991241
-0.812462 0.695477
-1.04131 0.243841
-1.03678 -0.262444
-0.799881 -0.70991
-0.383716 -0.998271
0.118448 -1.0629
0.594066 -0.889308
0.936541 -0.516405
1.06912 -0.0277651
0.962082 0.467097
0.639425 0.857274
0.173459 1.05532
-0.331383 1.01684
-0.761955 0.750471
-1.02176 0.315904
-1.05256 -0.189463
-0.847466 -0.652368
-0.452435 -0.969064
0.0439959 -1.06857
0.530566 -0.928591
0.898226 -0.580494
1.06457 -0.102295
0.992329 0.39883
0.697683 0.810568
0.246671 1.04064
-0.259625 1.03749
-0.707733 0.801808
-0.997224 0.386428
-1.06322 -0.115559
-0.890919 -0.591646
-0.518949 -0.935133
-0.030671 -1.06904
0.464481 -0.963348
0.855533 -0.641753
1.05484 -0.176327
1.01774 0.328618
0.75254 0.759912
0.318681 1.02089
-0.186602 1.05307
-0.650062 0.849236
-0.967831 0.455067
