1.17908e+26 2.34532e+26 9.30183e+25
1.12862e+26 2.29301e+26 3.77682e+25
1.07152e+26 2.23439e+26 8.41821e+25
1.02683e+26 2.18838e+26 1.7509e+26
1.00046e+26 2.16101e+26 2.1981e+26
9.91572e+25 2.15169e+26 2.02336e+26
9.96415e+25 2.15681e+26 1.25544e+26
1.01001e+26 2.17131e+26 5.17094e+25
1.027e+26 2.18949e+26 4.56249e+25
1.0425e+26 2.20607e+26 1.15566e+26
1.05302e+26 2.21731e+26 2.01417e+26
1.0572e+26 2.22175e+26 2.25693e+26
1.05575e+26 2.22021e+26 1.84793e+26
1.05075e+26 2.21493e+26 9.35097e+25
1.04459e+26 2.20842e+26 3.86875e+25
1.0392e+26 2.20273e+26 6.99318e+25
1.03568e+26 2.19902e+26 1.57559e+26
1.03432e+26 2.19758e+26 2.20358e+26
1.0348e+26 2.19809e+26 2.16014e+26
1.03646e+26 2.19985e+26 1.44882e+26
1.03854e+26 2.20205e+26 6.09768e+25
1.0404e+26 2.20402e+26 4.11911e+25
1.04164e+26 2.20534e+26 1.03812e+26
1.04214e+26 2.20587e+26 1.92097e+26
1.04199e+26 2.20571e+26 2.22863e+26
1.04142e+26 2.20511e+26 1.93524e+26
1.0407e+26 2.20435e+26 1.05612e+26
1.04006e+26 2.20366e+26 4.16951e+25
1.03962e+26 2.20321e+26 5.99245e+25
1.03945e+26 2.20302e+26 1.43668e+26
1.0395e+26 2.20307e+26 2.16019e+26
1.03969e+26 2.20328e+26 2.21144e+26
1.03994e+26 2.20354e+26 1.58626e+26
1.04016e+26 2.20378e+26 7.06866e+25
1.04031e+26 2.20393e+26 3.84895e+25
1.04037e+26 2.204e+26 9.12653e+25
1.04036e+26 2.20398e+26 1.81066e+26
1.04029e+26 2.20391e+26 2.24068e+26
1.04021e+26 2.20382e+26 2.02934e+26
1.04013e+26 2.20374e+26 1.18998e+26
1.04008e+26 2.20369e+26 4.6607e+25
1.04006e+26 2.20366e+26 5.18411e+25
1.04006e+26 2.20367e+26 1.29952e+26
1.04008e+26 2.20369e+26 2.09463e+26
1.04011e+26 2.20372e+26 2.23625e+26
1.04014e+26 2.20375e+26 1.71425e+26
1.04016e+26 2.20377e+26 8.16843e+25
1.04016e+26 2.20378e+26 3.76992e+25
1.04016e+26 2.20378e+26 7.93982e+25
1.04016e+26 2.20377e+26 1.6894e+26
1.04015e+26 2.20376e+26 2.23312e+26
1.04014e+26 2.20375e+26 2.10919e+26
1.04013e+26 2.20374e+26 1.32669e+26
1.04013e+26 2.20374e+26 5.33016e+25
1.04013e+26 2.20374e+26 4.54933e+25
1.04013e+26 2.20374e+26 1.16316e+26
1.04013e+26 2.20375e+26 2.01148e+26
1.04014e+26 2.20375e+26 2.23943e+26
1.04014e+26 2.20375e+26 1.83356e+26
1.04014e+26 2.20375e+26 9.37584e+25
1.04014e+26 2.20375e+26 3.8887e+25
1.04014e+26 2.20375e+26 6.8624e+25
1.04014e+26 2.20375e+26 1.56011e+26
1.04014e+26 2.20375e+26 2.20466e+26
1.04014e+26 2.20375e+26 2.17148e+26
1.04014e+26 2.20375e+26 1.46316e+26
1.04014e+26 2.20375e+26 6.16495e+25
1.04014e+26 2.20375e+26 4.09698e+25
1.04014e+26 2.20375e+26 1.03015e+26
1.04014e+26 2.20375e+26 1.91303e+26
1.04014e+26 2.20375e+26 2.22824e+26
1.04014e+26 2.20375e+26 1.94166e+26
1.04014e+26 2.20375e+26 1.06644e+26
1.04014e+26 2.20375e+26 4.20325e+25
1.04014e+26 2.20375e+26 5.91849e+25
1.04014e+26 2.20375e+26 1.42562e+26
1.04014e+26 2.20375e+26 2.15612e+26
1.04014e+26 2.20375e+26 2.21459e+26
1.04014e+26 2.20375e+26 1.59651e+26
1.04014e+26 2.20375e+26 7.14793e+25
1.04014e+26 2.20375e+26 3.83609e+25
1.04014e+26 2.20375e+26 9.0326e+25
1.04014e+26 2.20375e+26 1.80156e+26
1.04014e+26 2.20375e+26 2.24071e+26
1.04014e+26 2.20375e+26 2.03611e+26
1.04014e+26 2.20375e+26 1.20065e+26
1.04014e+26 2.20375e+26 4.70701e+25
1.04014e+26 2.20375e+26 5.12799e+25
1.04014e+26 2.20375e+26 1.28882e+26
1.04014e+26 2.20375e+26 2.08879e+26
1.04014e+26 2.20375e+26 2.23729e+26
1.04014e+26 2.20375e+26 1.72385e+26
1.04014e+26 2.20375e+26 8.25856e+25
1.04014e+26 2.20375e+26 3.77206e+25
1.04014e+26 2.20375e+26 7.85178e+25
1.04014e+26 2.20375e+26 1.67959e+26
1.04014e+26 2.20375e+26 2.23164e+26
1.04014e+26 2.20375e+26 2.1147e+26
1.04014e+26 2.20375e+26 1.33738e+26
1.04014e+26 2.20375e+26 5.38947e+25
1.04014e+26 2.20375e+26 4.50741e+25
1.04014e+26 2.20375e+26 1.15265e+26
1.04014e+26 2.20375e+26 2.00434e+26
1.04014e+26 2.20375e+26 2.23877e+26
1.04014e+26 2.20375e+26 1.8424e+26
1.04014e+26 2.20375e+26 9.47355e+25
1.04014e+26 2.20375e+26 3.90622e+25
1.04014e+26 2.20375e+26 6.78385e+25
1.04014e+26 2.20375e+26 1.54979e+26
1.04014e+26 2.20375e+26 2.20159e+26
1.04014e+26 2.20375e+26 2.17555e+26
1.04014e+26 2.20375e+26 1.4737e+26
1.04014e+26 2.20375e+26 6.23641e+25
1.04014e+26 2.20375e+26 4.06971e+25
1.04014e+26 2.20375e+26 1.02001e+26
1.04014e+26 2.20375e+26 1.90479e+26
1.04014e+26 2.20375e+26 2.22999e+26
1.04014e+26 2.20375e+26 1.94953e+26
1.04014e+26 2.20375e+26 1.07673e+26
1.04014e+26 2.20375e+26 4.23578e+25
1.04014e+26 2.20375e+26 5.85121e+25
1.04014e+26 2.20375e+26 1.41501e+26
1.04014e+26 2.20375e+26 2.15153e+26
1.04014e+26 2.20375e+26 2.2171e+26
1.04014e+26 2.20375e+26 1.60667e+26
1.04014e+26 2.20375e+26 7.23009e+25
1.04014e+26 2.20375e+26 3.824e+25
1.04014e+26 2.20375e+26 8.93718e+25
1.04014e+26 2.20375e+26 1.79241e+26
1.04014e+26 2.20375e+26 2.24077e+26
1.04014e+26 2.20375e+26 2.04282e+26
1.04014e+26 2.20375e+26 1.21124e+26
1.04014e+26 2.20375e+26 4.75388e+25
1.04014e+26 2.20375e+26 5.07339e+25
1.04014e+26 2.20375e+26 1.27816e+26
1.04014e+26 2.20375e+26 2.0828e+26
1.04014e+26 2.20375e+26 2.23817e+26
1.04014e+26 2.20375e+26 1.73343e+26
1.04014e+26 2.20375e+26 8.34972e+25
1.04014e+26 2.20375e+26 3.7754e+25
1.04014e+26 2.20375e+26 7.76429e+25
1.04014e+26 2.20375e+26 1.66973e+26
1.04014e+26 2.20375e+26 2.23004e+26
1.04014e+26 2.20375e+26 2.12009e+26
1.04014e+26 2.20375e+26 1.34804e+26
1.04014e+26 2.20375e+26 5.44971e+25
1.04014e+26 2.20375e+26 4.46663e+25
1.04014e+26 2.20375e+26 1.14216e+26
1.04014e+26 2.20375e+26 1.99711e+26
1.04014e+26 2.20375e+26 2.23798e+26
1.04014e+26 2.20375e+26 1.85119e+26
1.04014e+26 2.20375e+26 9.57178e+25
1.04014e+26 2.20375e+26 3.92493e+25
1.04014e+26 2.20375e+26 6.70612e+25
1.04014e+26 2.20375e+26 1.53944e+26
1.04014e+26 2.20375e+26 2.1984e+26
1.04014e+26 2.20375e+26 2.17949e+26
1.04014e+26 2.20375e+26 1.4842e+26
1.04014e+26 2.20375e+26 6.30874e+25
1.04014e+26 2.20375e+26 4.0436e+25
1.04014e+26 2.20375e+26 1.00992e+26
1.04014e+26 2.20375e+26 1.89647e+26
1.04014e+26 2.20375e+26 2.23161e+26
1.04014e+26 2.20375e+26 1.95732e+26
1.04014e+26 2.20375e+26 1.08705e+26
1.04014e+26 2.20375e+26 4.26946e+25
1.04014e+26 2.20375e+26 5.78488e+25
1.04014e+26 2.20375e+26 1.4044e+26
1.04014e+26 2.20375e+26 2.14683e+26
1.04014e+26 2.20375e+26 2.21949e+26
1.04014e+26 2.20375e+26 1.6168e+26
1.04014e+26 2.20375e+26 7.31302e+25
1.04014e+26 2.20375e+26 3.8131e+25
1.04014e+26 2.20375e+26 8.84231e+25
1.04014e+26 2.20375e+26 1.7832e+26
1.04014e+26 2.20375e+26 2.2407e+26
1.04014e+26 2.20375e+26 2.04944e+26
1.04014e+26 2.20375e+26 1.22185e+26
1.04014e+26 2.20375e+26 4.80184e+25
1.04014e+26 2.20375e+26 5.01983e+25
1.04014e+26 2.20375e+26 1.2675e+26
1.04014e+26 2.20375e+26 2.07672e+26
1.04014e+26 2.20375e+26 2.23893e+26
1.04014e+26 2.20375e+26 1.74295e+26
1.04014e+26 2.20375e+26 8.4415e+25
1.04014e+26 2.20375e+26 3.77994e+25
1.04014e+26 2.20375e+26 7.67749e+25
1.04014e+26 2.20375e+26 1.65982e+26
1.04014e+26 2.20375e+26 2.22832e+26
1.04014e+26 2.20375e+26 2.12538e+26
1.04014e+26 2.20375e+26 1.3587e+26
1.04014e+26 2.20375e+26 5.51094e+25
1.04014e+26 2.20375e+26 4.42697e+25
1.04014e+26 2.20375e+26 1.1317e+26
1.04014e+26 2.20375e+26 1.98978e+26
1.04014e+26 2.20375e+26 2.23706e+26
1.04014e+26 2.20375e+26 1.8599e+26
1.04014e+26 2.20375e+26 9.67047e+25
1.04014e+26 2.20375e+26 3.94481e+25
1.04014e+26 2.20375e+26 6.62922e+25
1.04014e+26 2.20375e+26 1.52906e+26
1.04014e+26 2.20375e+26 2.19508e+26
1.04014e+26 2.20375e+26 2.18332e+26
1.04014e+26 2.20375e+26 1.49469e+26
1.04014e+26 2.20375e+26 6.38197e+25
1.04014e+26 2.20375e+26 4.01865e+25
1.04014e+26 2.20375e+26 9.99864e+25
1.04014e+26 2.20375e+26 1.88808e+26
1.04014e+26 2.20375e+26 2.23309e+26
1.04014e+26 2.20375e+26 1.96503e+26
1.04014e+26 2.20375e+26 1.09741e+26
1.04014e+26 2.20375e+26 4.30429e+25
1.04014e+26 2.20375e+26 5.71948e+25
1.04014e+26 2.20375e+26 1.39377e+26
1.04014e+26 2.20375e+26 2.14202e+26
1.04014e+26 2.20375e+26 2.22175e+26
1.04014e+26 2.20375e+26 1.62689e+26
1.04014e+26 2.20375e+26 7.3967e+25
1.04014e+26 2.20375e+26 3.8034e+25
1.04014e+26 2.20375e+26 8.748e+25
1.04014e+26 2.20375e+26 1.77392e+26
1.04014e+26 2.20375e+26 2.2405e+26
1.04014e+26 2.20375e+26 2.05595e+26
1.04014e+26 2.20375e+26 1.23247e+26
1.04014e+26 2.20375e+26 4.85086e+25
1.04014e+26 2.20375e+26 4.96732e+25
1.04014e+26 2.20375e+26 1.25685e+26
1.04014e+26 2.20375e+26 2.07053e+26
1.04014e+26 2.20375e+26 2.23956e+26
1.04014e+26 2.20375e+26 1.75242e+26
1.04014e+26 2.20375e+26 8.53389e+25
1.04014e+26 2.20375e+26 3.78569e+25
1.04014e+26 2.20375e+26 7.5914e+25
1.04014e+26 2.20375e+26 1.64987e+26
1.04014e+26 2.20375e+26 2.22647e+26
1.04014e+26 2.20375e+26 2.13056e+26
1.04014e+26 2.20375e+26 1.36936e+26
1.04014e+26 2.20375e+26 5.57315e+25
1.04014e+26 2.20375e+26 4.38842e+25
1.04014e+26 2.20375e+26 1.12125e+26
1.04014e+26 2.20375e+26 1.98237e+26
