9.4393e+25 2.08796e+26 3.78951e+25
9.17059e+25 2.03341e+26 3.83538e+25
9.408e+25 2.04098e+26 3.87032e+25
9.84729e+25 2.07815e+26 3.88881e+25
1.03254e+26 2.12605e+26 3.89238e+25
1.07317e+26 2.1706e+26 3.88678e+25
1.10077e+26 2.20314e+26 3.87831e+25
1.11513e+26 2.22165e+26 3.87101e+25
1.11986e+26 2.2291e+26 3.86623e+25
1.11936e+26 2.23005e+26 3.86372e+25
1.11694e+26 2.22822e+26 3.86272e+25
1.11442e+26 2.22579e+26 3.86256e+25
1.11251e+26 2.22377e+26 3.86276e+25
1.11133e+26 2.22243e+26 3.86305e+25
1.11073e+26 2.22168e+26 3.8633e+25
1.11051e+26 2.22137e+26 3.86347e+25
1.1105e+26 2.2213e+26 3.86357e+25
1.11057e+26 2.22134e+26 3.86361e+25
1.11065e+26 2.22142e+26 3.86362e+25
1.11072e+26 2.22149e+26 3.86362e+25
1.11076e+26 2.22154e+26 3.86361e+25
1.11079e+26 2.22157e+26 3.8636e+25
1.1108e+26 2.22158e+26 3.86359e+25
1.1108e+26 2.22158e+26 3.86359e+25
1.1108e+26 2.22158e+26 3.86359e+25
1.11079e+26 2.22158e+26 3.86359e+25
1.11079e+26 2.22158e+26 3.86359e+25
1.11079e+26 2.22158e+26 3.86359e+25
1.11079e+26 2.22158e+26 3.86359e+25
1.11079e+26 2.22158e+26 3.86359e+25
1.11079e+26 2.22158e+26 3.86359e+25
1.11079e+26 2.22158e+26 3.86359e+25
1.11079e+26 2.22158e+26 3.86359e+25
1.11079e+26 2.22158e+26 3.86359e+25
1.11079e+26 2.22158e+26 3.86359e+25
1.11079e+26 2.22158e+26 3.86359e+25
1.11079e+26 2.22158e+26 3.86359e+25
1.11079e+26 2.22158e+26 3.86359e+25
1.11079e+26 2.22158e+26 3.86359e+25
1.11079e+26 2.22158e+26 3.86359e+25
1.11079e+26 2.22158e+26 3.86359e+25
1.11079e+26 2.22158e+26 3.86359e+25
1.11079e+26 2.22158e+26 3.86359e+25
1.11079e+26 2.22158e+26 3.86359e+25
1.11079e+26 2.22158e+26 3.86359e+25
1.11079e+26 2.22158e+26 3.86359e+25
1.11079e+26 2.22158e+26 3.86359e+25
1.11079e+26 2.22158e+26 3.86359e+25
1.11079e+26 2.22158e+26 3.86359e+25
1.11079e+26 2.22158e+26 3.86359e+25
1.11079e+26 2.22158e+26 3.86359e+25
1.11079e+26 2.22158e+26 3.86359e+25
1.11079e+26 2.22158e+26 3.86359e+25
1.11079e+26 2.22158e+26 3.86359e+25
1.11079e+26 2.22158e+26 3.86359e+25
1.11079e+26 2.22158e+26 3.86359e+25
1.11079e+26 2.22158e+26 3.86359e+25
1.11079e+26 2.22158e+26 3.86359e+25
1.11079e+26 2.22158e+26 3.86359e+25
1.11079e+26 2.22158e+26 3.86359e+25
1.11079e+26 2.22158e+26 3.86359e+25
1.11079e+26 2.22158e+26 3.86359e+25
1.11079e+26 2.22158e+26 3.86359e+25
1.11079e+26 2.22158e+26 3.86359e+25
1.11079e+26 2.22158e+26 3.86359e+25
1.11079e+26 2.22158e+26 3.86359e+25
1.11079e+26 2.22158e+26 3.86359e+25
1.11079e+26 2.22158e+26 3.86359e+25
1.11079e+26 2.22158e+26 3.86359e+25
1.11079e+26 2.22158e+26 3.86359e+25
1.11079e+26 2.22158e+26 3.86359e+25
1.11079e+26 2.22158e+26 3.86359e+25
1.11079e+26 2.22158e+26 3.86359e+25
1.11079e+26 2.22158e+26 3.86359e+25
1.11079e+26 2.22158e+26 3.86359e+25
1.11079e+26 2.22158e+26 3.86359e+25
1.11079e+26 2.22158e+26 3.86359e+25
1.11079e+26 2.22158e+26 3.86359e+25
1.11079e+26 2.22158e+26 3.86359e+25
1.11079e+26 2.22158e+26 3.86359e+25
1.11079e+26 2.22158e+26 3.86359e+25
1.11079e+26 2.22158e+26 3.86359e+25
1.11079e+26 2.22158e+26 3.86359e+25
1.11079e+26 2.22158e+26 3.86359e+25
1.11079e+26 2.22158e+26 3.86359e+25
1.11079e+26 2.22158e+26 3.86359e+25
1.11079e+26 2.22158e+26 3.86359e+25
1.11079e+26 2.22158e+26 3.86359e+25
1.11079e+26 2.22158e+26 3.86359e+25
1.11079e+26 2.22158e+26 3.86359e+25
1.11079e+26 2.22158e+26 3.86359e+25
1.11079e+26 2.22158e+26 3.86359e+25
1.11079e+26 2.22158e+26 3.86359e+25
1.11079e+26 2.22158e+26 3.86359e+25
1.11079e+26 2.22158e+26 3.86359e+25
1.11079e+26 2.22158e+26 3.86359e+25
1.11079e+26 2.22158e+26 3.86359e+25
1.11079e+26 2.22158e+26 3.86359e+25
1.11079e+26 2.22158e+26 3.86359e+25
1.11079e+26 2.22158e+26 3.86359e+25
1.11079e+26 2.22158e+26 3.86359e+25
1.11079e+26 2.22158e+26 3.86359e+25
1.11079e+26 2.22158e+26 3.86359e+25
1.11079e+26 2.22158e+26 3.86359e+25
1.11079e+26 2.22158e+26 3.86359e+25
1.11079e+26 2.22158e+26 3.86359e+25
1.11079e+26 2.22158e+26 3.86359e+25
1.11079e+26 2.22158e+26 3.86359e+25
1.11079e+26 2.22158e+26 3.86359e+25
1.11079e+26 2.22158e+26 3.86359e+25
1.11079e+26 2.22158e+26 3.86359e+25
1.11079e+26 2.22158e+26 3.86359e+25
1.11079e+26 2.22158e+26 3.86359e+25
1.11079e+26 2.22158e+26 3.86359e+25
1.11079e+26 2.22158e+26 3.86359e+25
1.11079e+26 2.22158e+26 3.86359e+25
1.11079e+26 2.22158e+26 3.86359e+25
1.11079e+26 2.22158e+26 3.86359e+25
1.11079e+26 2.22158e+26 3.86359e+25
1.11079e+26 2.22158e+26 3.86359e+25
1.11079e+26 2.22158e+26 3.86359e+25
1.11079e+26 2.22158e+26 3.86359e+25
1.11079e+26 2.22158e+26 3.86359e+25
1.11079e+26 2.22158e+26 3.86359e+25
1.11079e+26 2.22158e+26 3.86359e+25
1.11079e+26 2.22158e+26 3.86359e+25
1.11079e+26 2.22158e+26 3.86359e+25
1.11079e+26 2.22158e+26 3.86359e+25
1.11079e+26 2.22158e+26 3.86359e+25
1.11079e+26 2.22158e+26 3.86359e+25
1.11079e+26 2.22158e+26 3.86359e+25
1.11079e+26 2.22158e+26 3.86359e+25
1.11079e+26 2.22158e+26 3.86359e+25
1.11079e+26 2.22158e+26 3.86359e+25
1.11079e+26 2.22158e+26 3.86359e+25
1.11079e+26 2.22158e+26 3.86359e+25
1.11079e+26 2.22158e+26 3.86359e+25
1.11079e+26 2.22158e+26 3.86359e+25
1.11079e+26 2.22158e+26 3.86359e+25
1.11079e+26 2.22158e+26 3.86359e+25
1.11079e+26 2.22158e+26 3.86359e+25
1.11079e+26 2.22158e+26 3.86359e+25
1.11079e+26 2.22158e+26 3.86359e+25
1.11079e+26 2.22158e+26 3.86359e+25
1.11079e+26 2.22158e+26 3.86359e+25
1.11079e+26 2.22158e+26 3.86359e+25
1.11079e+26 2.22158e+26 3.86359e+25
1.11079e+26 2.22158e+26 3.86359e+25
1.11079e+26 2.22158e+26 3.86359e+25
1.11079e+26 2.22158e+26 3.86359e+25
1.11079e+26 2.22158e+26 3.86359e+25
1.11079e+26 2.22158e+26 3.86359e+25
1.11079e+26 2.22158e+26 3.86359e+25
1.11079e+26 2.22158e+26 3.86359e+25
1.11079e+26 2.22158e+26 3.86359e+25
1.11079e+26 2.22158e+26 3.86359e+25
1.11079e+26 2.22158e+26 3.86359e+25
1.11079e+26 2.22158e+26 3.86359e+25
1.11079e+26 2.22158e+26 3.86359e+25
1.11079e+26 2.22158e+26 3.86359e+25
1.11079e+26 2.22158e+26 3.86359e+25
1.11079e+26 2.22158e+26 3.86359e+25
1.11079e+26 2.22158e+26 3.86359e+25
1.11079e+26 2.22158e+26 3.86359e+25
1.11079e+26 2.22158e+26 3.86359e+25
1.11079e+26 2.22158e+26 3.86359e+25
1.11079e+26 2.22158e+26 3.86359e+25
1.11079e+26 2.22158e+26 3.86359e+25
1.11079e+26 2.22158e+26 3.86359e+25
1.11079e+26 2.22158e+26 3.86359e+25
1.11079e+26 2.22158e+26 3.86359e+25
1.11079e+26 2.22158e+26 3.86359e+25
1.11079e+26 2.22158e+26 3.86359e+25
1.11079e+26 2.22158e+26 3.86359e+25
1.11079e+26 2.22158e+26 3.86359e+25
1.11079e+26 2.22158e+26 3.86359e+25
1.11079e+26 2.22158e+26 3.86359e+25
1.11079e+26 2.22158e+26 3.86359e+25
1.11079e+26 2.22158e+26 3.86359e+25
1.11079e+26 2.22158e+26 3.86359e+25
1.11079e+26 2.22158e+26 3.86359e+25
1.11079e+26 2.22158e+26 3.86359e+25
1.11079e+26 2.22158e+26 3.86359e+25
1.11079e+26 2.22158e+26 3.86359e+25
1.11079e+26 2.22158e+26 3.86359e+25
1.11079e+26 2.22158e+26 3.86359e+25
1.11079e+26 2.22158e+26 3.86359e+25
1.11079e+26 2.22158e+26 3.86359e+25
1.11079e+26 2.22158e+26 3.86359e+25
1.11079e+26 2.22158e+26 3.86359e+25
1.11079e+26 2.22158e+26 3.86359e+25
1.11079e+26 2.22158e+26 3.86359e+25
1.11079e+26 2.22158e+26 3.86359e+25
1.11079e+26 2.22158e+26 3.86359e+25
1.11079e+26 2.22158e+26 3.86359e+25
1.11079e+26 2.22158e+26 3.86359e+25
1.11079e+26 2.22158e+26 3.86359e+25
1.11079e+26 2.22158e+26 3.86359e+25
1.11079e+26 2.22158e+26 3.86359e+25
1.11079e+26 2.22158e+26 3.86359e+25
1.11079e+26 2.22158e+26 3.86359e+25
1.11079e+26 2.22158e+26 3.86359e+25
1.11079e+26 2.22158e+26 3.86359e+25
1.11079e+26 2.22158e+26 3.86359e+25
1.11079e+26 2.22158e+26 3.86359e+25
1.11079e+26 2.22158e+26 3.86359e+25
1.11079e+26 2.22158e+26 3.86359e+25
1.11079e+26 2.22158e+26 3.86359e+25
1.11079e+26 2.22158e+26 3.86359e+25
1.11079e+26 2.22158e+26 3.86359e+25
1.11079e+26 2.22158e+26 3.86359e+25
1.11079e+26 2.22158e+26 3.86359e+25
1.11079e+26 2.22158e+26 3.86359e+25
1.11079e+26 2.22158e+26 3.86359e+25
1.11079e+26 2.22158e+26 3.86359e+25
1.11079e+26 2.22158e+26 3.86359e+25
1.11079e+26 2.22158e+26 3.86359e+25
1.11079e+26 2.22158e+26 3.86359e+25
1.11079e+26 2.22158e+26 3.86359e+25
1.11079e+26 2.22158e+26 3.86359e+25
1.11079e+26 2.22158e+26 3.86359e+25
1.11079e+26 2.22158e+26 3.86359e+25
1.11079e+26 2.22158e+26 3.86359e+25
1.11079e+26 2.22158e+26 3.86359e+25
1.11079e+26 2.22158e+26 3.86359e+25
1.11079e+26 2.22158e+26 3.86359e+25
1.11079e+26 2.22158e+26 3.86359e+25
1.11079e+26 2.22158e+26 3.86359e+25
1.11079e+26 2.22158e+26 3.86359e+25
1.11079e+26 2.22158e+26 3.86359e+25
1.11079e+26 2.22158e+26 3.86359e+25
1.11079e+26 2.22158e+26 3.86359e+25
1.11079e+26 2.22158e+26 3.86359e+25
1.11079e+26 2.22158e+26 3.86359e+25
1.11079e+26 2.22158e+26 3.86359e+25
1.11079e+26 2.22158e+26 3.86359e+25
1.11079e+26 2.22158e+26 3.86359e+25
1.11079e+26 2.22158e+26 3.86359e+25
1.11079e+26 2.22158e+26 3.86359e+25
1.11079e+26 2.22158e+26 3.86359e+25
1.11079e+26 2.22158e+26 3.86359e+25
