1 0.523599
0.725844 0.90365
0.31333 1.11145
-0.154351 1.12356
-0.594552 0.935638
-0.923011 0.571868
-1.06572 0.093014
-0.980198 -0.405759
-0.675174 -0.813669
-0.215113 -1.03474
0.294843 -1.01581
0.736323 -0.760964
1.00722 -0.329828
1.04554 0.177471
0.84308 0.6439
0.446828 0.962319
-0.052032 1.05975
-0.538949 0.913933
-0.902168 0.55835
-1.05831 0.0746081
-0.971515 -0.42626
-0.661681 -0.829269
-0.199931 -1.04188
0.307723 -1.01528
0.744723 -0.755566
1.01073 -0.322368
1.04467 0.184849
0.838743 0.649623
0.44024 0.965241
-0.0593438 1.05924
-0.545302 0.910026
-0.906057 0.551871
-1.05878 0.0670054
-0.968401 -0.433245
-0.655675 -0.834021
-0.192404 -1.0433
0.315044 -1.01304
0.750156 -0.750178
1.01303 -0.315073
1.04331 0.192373
0.83404 0.65565
0.433273 0.968388
-0.0669746 1.05878
-0.551845 0.906073
-0.91001 0.545328
-1.05923 0.0593742
-0.965253 -0.440212
-0.649648 -0.838724
-0.184881 -1.04466
0.322335 -1.01074
0.755542 -0.744753
1.01527 -0.307765
1.0419 0.199887
0.829294 0.661644
0.426284 0.971485
-0.0746025 1.05827
-0.55836 0.902073
-0.913916 0.538756
-1.05963 0.0517398
-0.962056 -0.447156
-0.643587 -0.843384
-0.177348 -1.04597
0.329611 -1.00839
0.760889 -0.739289
1.01747 -0.300441
1.04043 0.207389
0.824505 0.667602
0.419272 0.974532
-0.0822265 1.05771
-0.564846 0.898026
-0.917775 0.532157
-1.05998 0.0441027
-0.958809 -0.454078
-0.637493 -0.848
-0.169806 -1.04722
0.336868 -1.00599
0.766197 -0.733787
1.0196 -0.293101
1.03891 0.214881
0.819673 0.673526
0.412239 0.977528
-0.0898462 1.05709
-0.571302 0.893932
-0.921586 0.525529
-1.06027 0.0364633
-0.955512 -0.460975
-0.631366 -0.852572
-0.162256 -1.04842
0.344109 -1.00354
0.771465 -0.728247
1.02169 -0.285746
1.03733 0.222362
0.814798 0.679416
0.405184 0.980473
-0.0974613 1.05641
-0.577729 0.889792
-0.925349 0.518875
-1.0605 0.028822
-0.952165 -0.467848
-0.625206 -0.857099
-0.154696 -1.04956
0.351332 -1.00103
0.776693 -0.722668
1.02372 -0.278377
1.0357 0.229831
0.809881 0.685269
0.398108 0.983367
-0.105071 1.05568
-0.584126 0.885606
-0.929064 0.512193
-1.06068 0.0211792
-0.948769 -0.474698
-0.619013 -0.861582
-0.147129 -1.05064
0.358536 -0.998475
0.78188 -0.717053
1.0257 -0.270992
1.03402 0.237289
0.804922 0.691088
0.391012 0.98621
-0.112676 1.0549
-0.590493 0.881374
-0.93273 0.505485
-1.06081 0.0135353
-0.945324 -0.481522
-0.612788 -0.86602
-0.139554 -1.05168
0.365722 -0.995866
0.787027 -0.7114
1.02763 -0.263594
1.03228 0.244734
0.799921 0.69687
0.383895 0.989002
-0.120275 1.05406
-0.596829 0.877096
-0.936349 0.498751
-1.06088 0.00589072
-0.94183 -0.488322
-0.606532 -0.870414
-0.131972 -1.05266
0.372888 -0.993205
0.792133 -0.70571
1.0295 -0.256182
1.03049 0.252166
0.794878 0.702616
0.376758 0.991743
-0.127867 1.05316
-0.603133 0.872772
-0.939918 0.49199
-1.06089 -0.00175418
-0.938286 -0.495096
-0.600244 -0.874762
-0.124383 -1.05358
0.380036 -0.990492
0.797198 -0.699984
1.03132 -0.248757
1.02865 0.259585
0.789795 0.708326
0.369602 0.994432
-0.135453 1.05221
-0.609407 0.868403
-0.943439 0.485204
-1.06085 -0.00939899
-0.934694 -0.501844
-0.593925 -0.879065
-0.116788 -1.05445
0.387163 -0.987727
0.802221 -0.694221
1.03309 -0.241319
1.02675 0.266991
0.78467 0.713999
0.362426 0.99707
-0.143032 1.05121
-0.615649 0.863989
-0.946911 0.478393
-1.06076 -0.0170433
-0.931054 -0.508567
-0.587575 -0.883322
-0.109187 -1.05526
0.394271 -0.984912
0.807203 -0.688422
1.0348 -0.233868
1.0248 0.274383
0.779504 0.719635
0.355232 0.999656
-0.150603 1.05015
-0.621859 0.85953
-0.950334 0.471557
-1.06061 -0.0246867
-0.927365 -0.515263
-0.581194 -0.887533
-0.10158 -1.05602
0.401358 -0.982045
0.812143 -0.682587
1.03646 -0.226405
1.0228 0.281761
0.774299 0.725233
0.348019 1.00219
-0.158166 1.04904
-0.628037 0.855027
-0.953707 0.464697
-1.0604 -0.0323289
-0.923628 -0.521932
-0.574784 -0.891698
-0.0939672 -1.05673
0.408424 -0.979127
0.81704 -0.676717
1.03806 -0.21893
1.02074 0.289124
0.769052 0.730794
0.340788 1.00467
-0.165722 1.04787
-0.634182 0.850479
-0.957031 0.457813
-1.06014 -0.0399694
-0.919843 -0.528574
-0.568343 -0.895817
-0.08635 -1.05738
0.415469 -0.976159
0.821896 -0.670812
1.03961 -0.211444
1.01863 0.296472
0.763766 0.736317
0.33354 1.0071
-0.173268 1.04665
-0.640294 0.845887
-0.960305 0.450904
-1.05983 -0.0476078
-0.91601 -0.535189
-0.561873 -0.899889
-0.0787282 -1.05797
0.422493 -0.97314
0.826708 -0.664872
1.04111 -0.203948
1.01647 0.303804
0.758441 0.741801
0.326274 1.00948
-0.180806 1.04538
-0.646373 0.841251
-0.96353 0.443973
-1.05946 -0.0552437
