8.40364e-05
8.55965e-05
0.000126052
8.71514e-05
0.000127607
0.000168062
0.000129154
0.000169609
0.000210065
0.000171146
0.000211602
0.000252057
0.000172671
0.000213126
0.000253582
0.000294037
0.000214636
0.000255091
0.000295546
0.000336002
0.000376457
0.000256583
0.000297038
0.000337494
0.000377949
0.000418404
0.000298511
0.000338966
0.000379421
0.000419876
0.000460332
0.00029996
0.000340415
0.000380871
0.000421326
0.000461781
0.000502237
0.00034184
0.000382295
0.000422751
0.000463206
0.000503661
0.000544117
0.000383693
0.000424148
0.000464603
0.000505058
0.000545514
0.000585969
0.000425515
0.000465971
0.000506426
0.000546881
0.000587336
0.000627792
0.000467306
0.000507761
0.000548216
0.000588672
0.000629127
0.000669582
0.000509061
0.000549517
0.000589972
0.000630427
0.000670882
0.000711338
0.00055078
0.000591235
0.00063169
0.000672145
0.000712601
0.000753056
0.000552003
0.000592458
0.000632913
0.000673369
0.000713824
0.000754279
0.000794735
0.000593639
0.000634095
0.00067455
0.000715005
0.00075546
0.000795916
0.000836371
0.000635231
0.000675686
0.000716141
0.000756597
0.000797052
0.000837507
0.000877963
0.000676775
0.000717231
0.000757686
0.000798141
0.000838597
0.000879052
0.000919507
0.00071827
0.000758726
0.000799181
0.000839636
0.000880092
0.000920547
0.000961002
0.000759713
0.000800169
0.000840624
0.000881079
0.000921534
0.00096199
0.00100244
0.0010429
0.000801102
0.000841557
0.000882012
0.000922467
0.000962923
0.00100338
0.00104383
0.00108429
0.000842433
0.000882888
0.000923343
0.000963799
0.00100425
0.00104471
0.00108516
0.00112562
0.000883705
0.00092416
0.000964615
0.00100507
0.00104553
0.00108598
0.00112644
0.00116689
0.000924914
0.00096537
0.00100583
0.00104628
0.00108674
0.00112719
0.00116765
0.0012081
0.00096606
0.00100652
0.00104697
0.00108743
0.00112788
0.00116834
0.00120879
0.00124925
0.00100714
0.00104759
0.00108805
0.0011285
0.00116896
0.00120941
0.00124987
0.00129033
0.00100769
0.00104815
0.0010886
0.00112906
0.00116951
0.00120997
0.00125042
0.00129088
0.00133133
0.00104863
0.00108908
0.00112954
0.00117
0.00121045
0.00125091
0.00129136
0.00133182
0.00137227
0.00108949
0.00112995
0.0011704
0.00121086
0.00125131
0.00129177
0.00133222
0.00137268
0.00141313
0.00113028
0.00117073
0.00121119
0.00125164
0.0012921
0.00133256
0.00137301
0.00141347
0.00145392
0.00117099
0.00121144
0.0012519
0.00129235
0.00133281
0.00137326
0.00141372
0.00145417
0.00149463
0.00153508
0.00121161
0.00125207
0.00129252
0.00133298
0.00137343
0.00141389
0.00145434
0.0014948
0.00153525
0.00157571
0.00125215
0.00129261
0.00133306
0.00137352
0.00141397
0.00145443
0.00149488
0.00153534
0.00157579
0.00161625
0.00129261
0.00133306
0.00137352
0.00141397
0.00145443
0.00149488
0.00153534
0.00157579
0.00161625
0.0016567
0.00133297
0.00137343
0.00141388
0.00145434
0.00149479
0.00153525
0.0015757
0.00161616
0.00165661
0.00169707
0.00137325
0.0014137
0.00145416
0.00149461
0.00153507
0.00157552
0.00161598
0.00165643
0.00169689
0.00173734
0.00141343
0.00145388
0.00149434
0.00153479
0.00157525
0.0016157
0.00165616
0.00169661
0.00173707
0.00177752
0.00145351
0.00149396
0.00153442
0.00157487
0.00161533
0.00165579
0.00169624
0.0017367
0.00177715
0.00181761
0.00149349
0.00153395
0.0015744
0.00161486
0.00165531
0.00169577
0.00173622
0.00177668
0.00181714
0.00185759
0.00153338
0.00157383
0.00161429
0.00165474
0.0016952
0.00173565
0.00177611
0.00181656
0.00185702
0.00189747
0.00157315
0.00161361
0.00165407
0.00169452
0.00173498
0.00177543
0.00181589
0.00185634
0.0018968
0.00193725
0.00197771
0.00161283
0.00165328
0.00169374
0.00173419
0.00177465
0.0018151
0.00185556
0.00189601
0.00193647
0.00197692
0.00201738
0.00165239
0.00169285
0.0017333
0.00177376
0.00181421
0.00185467
0.00189512
0.00193558
0.00197603
0.00201649
0.00205694
0.00169184
0.0017323
0.00177275
0.00181321
0.00185366
0.00189412
0.00193457
0.00197503
0.00201549
0.00205594
0.0020964
0.00173118
0.00177164
0.00181209
0.00185255
0.001893
0.00193346
0.00197391
0.00201437
0.00205482
0.00209528
0.00213573
0.0017704
0.00181086
0.00185131
0.00189177
0.00193222
0.00197268
0.00201314
0.00205359
0.00209405
0.0021345
0.00217496
0.00180951
0.00184996
0.00189042
0.00193087
0.00197133
0.00201178
0.00205224
0.00209269
0.00213315
0.0021736
0.00221406
0.00184849
0.00188894
0.0019294
0.00196986
0.00201031
0.00205077
0.00209122
0.00213168
0.00217213
0.00221259
0.00225304
0.00188735
0.0019278
0.00196826
0.00200871
0.00204917
0.00208962
0.00213008
0.00217053
0.00221099
0.00225145
0.0022919
0.00233236
0.00192608
0.00196654
0.00200699
0.00204745
0.0020879
0.00212836
0.00216881
0.00220927
0.00224972
0.00229018
0.00233063
0.00237109
0.00196468
0.00200514
0.00204559
0.00208605
0.00212651
0.00216696
0.00220742
0.00224787
0.00228833
0.00232878
0.00236924
0.00240969
0.00200316
0.00204361
0.00208407
0.00212452
0.00216498
0.00220543
0.00224589
0.00228634
0.0023268
0.00236725
0.00240771
0.00244817
0.0020415
0.00208195
0.00212241
0.00216286
0.00220332
0.00224377
0.00228423
0.00232468
0.00236514
0.00240559
0.00244605
0.0024865
0.0020797
0.00212015
0.00216061
0.00220106
0.00224152
0.00228198
0.00232243
0.00236289
0.00240334
0.0024438
0.00248425
0.00252471
0.00215822
0.00219867
0.00223913
0.00227958
0.00232004
0.0023605
0.00240095
0.00244141
0.00248186
0.00252232
0.00256277
0.00260323
0.00219614
0.0022366
0.00227705
0.00231751
0.00235796
0.00239842
0.00243887
0.00247933
0.00251979
0.00256024
0.0026007
0.00264115
0.00223392
0.00227438
0.00231483
0.00235529
0.00239574
0.0024362
0.00247665
0.00251711
0.00255757
0.00259802
0.00263848
0.00267893
0.00227156
0.00231201
0.00235247
0.00239292
0.00243338
0.00247383
0.00251429
0.00255474
0.0025952
0.00263565
0.00267611
0.00271657
0.00230904
0.0023495
0.00238995
0.00243041
0.00247086
0.00251132
0.00255177
0.00259223
0.00263269
0.00267314
0.0027136
0.00275405
0.00234638
0.00238683
0.00242729
0.00246774
0.0025082
0.00254865
0.00258911
0.00262957
0.00267002
0.00271048
0.00275093
0.00279139
0.00238356
0.00242402
0.00246447
0.00250493
0.00254538
0.00258584
0.00262629
0.00266675
0.0027072
0.00274766
0.00278811
0.00282857
0.00286902
0.00242059
0.00246104
0.0025015
0.00254195
0.00258241
0.00262286
0.00266332
0.00270377
0.00274423
0.00278468
0.00282514
0.00286559
0.00290605
0.00245745
0.00249791
0.00253836
0.00257882
0.00261928
0.00265973
0.00270019
0.00274064
0.0027811
0.00282155
0.00286201
0.00290246
0.00294292
0.00249416
0.00253462
0.00257507
0.00261553
0.00265598
0.00269644
0.00273689
0.00277735
0.0028178
0.00285826
0.00289871
0.00293917
0.00297962
0.0025307
0.00257116
0.00261162
0.00265207
0.00269253
0.00273298
0.00277344
0.00281389
0.00285435
0.0028948
0.00293526
0.00297571
0.00301617
0.00256708
0.00260754
0.00264799
0.00268845
0.0027289
0.00276936
0.00280982
0.00285027
0.00289073
0.00293118
0.00297164
0.00301209
0.00305255
0.003093
0.00264375
0.0026842
0.00272466
0.00276511
0.00280557
0.00284603
0.00288648
0.00292694
0.00296739
0.00300785
0.0030483
0.00308876
0.00312921
0.00267979
0.00272024
0.0027607
0.00280115
0.00284161
0.00288206
0.00292252
0.00296298
0.00300343
0.00304389
0.00308434
0.0031248
0.00316525
0.00271565
0.00275611
0.00279657
0.00283702
0.00287748
0.00291793
0.00295839
0.00299884
0.0030393
0.00307975
0.00312021
0.00316066
0.00320112
0.00275135
0.0027918
0.00283226
0.00287271
0.00291317
0.00295362
0.00299408
0.00303453
0.00307499
0.00311544
0.0031559
0.00319635
0.00323681
0.00278686
0.00282731
0.00286777
0.00290822
0.00294868
0.00298914
0.00302959
0.00307005
0.0031105
0.00315096
0.00319141
0.00323187
0.00327232
0.00331278
0.00282219
0.00286265
0.0029031
0.00294356
0.00298401
0.00302447
0.00306492
0.00310538
0.00314583
0.00318629
0.00322674
0.0032672
0.00330766
0.00334811
0.00285734
0.0028978
0.00293825
0.00297871
0.00301916
0.00305962
0.00310007
0.00314053
0.00318098
0.00322144
0.00326189
0.00330235
0.0033428
0.00338326
0.0028923
0.00293276
0.00297322
0.00301367
0.00305413
0.00309458
0.00313504
0.00317549
0.00321595
0.0032564
0.00329686
0.00333731
0.00337777
0.00341822
0.00296754
0.00300799
0.00304845
0.0030889
0.00312936
0.00316981
0.00321027
0.00325072
0.00329118
0.00333163
0.00337209
0.00341255
0.003453
0.00349346
0.00300212
0.00304258
0.00308303
0.00312349
0.00316394
0.0032044
0.00324485
0.00328531
0.00332577
0.00336622
0.00340668
0.00344713
0.00348759
0.00352804
0.00303652
0.00307697
0.00311743
0.00315788
0.00319834
0.00323879
0.00327925
0.0033197
0.00336016
0.00340061
0.00344107
0.00348152
0.00352198
0.00356244
0.00307071
0.00311117
0.00315162
0.00319208
0.00323253
0.00327299
0.00331345
0.0033539
0.00339436
0.00343481
0.00347527
0.00351572
0.00355618
0.00359663
0.00310471
0.00314517
0.00318562
0.00322608
0.00326654
0.00330699
0.00334745
0.0033879
0.00342836
0.00346881
0.00350927
0.00354972
0.00359018
0.00363063
0.00367109
0.00313851
0.00317897
0.00321942
0.00325988
0.00330034
0.00334079
0.00338125
0.0034217
0.00346216
0.00350261
0.00354307
0.00358352
0.00362398
0.00366443
0.00370489
0.00321257
0.00325302
0.00329348
0.00333393
0.00337439
0.00341484
0.0034553
0.00349575
0.00353621
0.00357666
0.00361712
0.00365758
0.00369803
0.00373849
0.00324596
0.00328641
0.00332687
0.00336732
0.00340778
0.00344824
0.00348869
0.00352915
0.0035696
0.00361006
0.00365051
0.00369097
0.00373142
0.00377188
0.00327914
0.0033196
0.00336005
0.00340051
0.00344096
0.00348142
0.00352187
0.00356233
0.00360279
0.00364324
0.0036837
0.00372415
0.00376461
0.00380506
0.00384552
0.00331212
0.00335257
0.00339303
0.00343348
0.00347394
0.00351439
0.00355485
0.0035953
0.00363576
0.00367622
0.00371667
0.00375713
0.00379758
0.00383804
0.00387849
0.00334488
0.00338533
0.00342579
0.00346625
0.0035067
0.00354716
0.00358761
0.00362807
0.00366852
0.00370898
0.00374943
0.00378989
0.00383034
0.0038708
0.00391125
0.00341788
0.00345834
0.00349879
0.00353925
0.0035797
0.00362016
0.00366061
0.00370107
0.00374152
0.00378198
0.00382243
0.00386289
0.00390335
0.0039438
0.00398426
0.00345021
0.00349067
0.00353112
0.00357158
0.00361203
0.00365249
0.00369294
0.0037334
0.00377385
0.00381431
0.00385476
0.00389522
0.00393568
0.00397613
0.00401659
0.00348232
0.00352278
0.00356323
0.00360369
0.00364414
0.0036846
0.00372505
0.00376551
0.00380596
0.00384642
0.00388687
0.00392733
0.00396778
0.00400824
0.0040487
0.00351421
0.00355466
0.00359512
0.00363557
0.00367603
0.00371648
0.00375694
0.00379739
0.00383785
0.00387831
0.00391876
0.00395922
0.00399967
0.00404013
0.00408058
0.00358632
0.00362678
0.00366723
0.00370769
0.00374815
0.0037886
0.00382906
0.00386951
0.00390997
0.00395042
0.00399088
0.00403133
0.00407179
0.00411224
0.0041527
0.00361776
0.00365821
0.00369867
0.00373912
0.00377958
0.00382004
0.00386049
0.00390095
0.0039414
0.00398186
0.00402231
0.00406277
0.00410322
0.00414368
0.00418413
0.00364896
0.00368942
0.00372987
0.00377033
0.00381078
0.00385124
0.0038917
0.00393215
0.00397261
0.00401306
0.00405352
0.00409397
0.00413443
0.00417488
0.00421534
0.00367994
0.00372039
0.00376085
0.0038013
0.00384176
0.00388221
0.00392267
0.00396312
0.00400358
0.00404403
0.00408449
0.00412495
0.0041654
0.00420586
0.00424631
0.00428677
0.00375113
0.00379158
0.00383204
0.0038725
0.00391295
0.00395341
0.00399386
0.00403432
0.00407477
0.00411523
0.00415568
0.00419614
0.00423659
0.00427705
0.0043175
0.00378163
0.00382208
0.00386254
0.003903
0.00394345
0.00398391
0.00402436
0.00406482
0.00410527
0.00414573
0.00418618
0.00422664
0.00426709
0.00430755
0.00434801
0.00381189
0.00385235
0.0038928
0.00393326
0.00397371
0.00401417
0.00405462
0.00409508
0.00413553
0.00417599
0.00421644
0.0042569
0.00429736
0.00433781
0.00437827
0.00441872
0.00384191
0.00388236
0.00392282
0.00396327
0.00400373
0.00404419
0.00408464
0.0041251
0.00416555
0.00420601
0.00424646
0.00428692
0.00432737
0.00436783
0.00440828
0.00444874
0.00391214
0.00395259
0.00399305
0.0040335
0.00407396
0.00411441
0.00415487
0.00419533
0.00423578
0.00427624
0.00431669
0.00435715
0.0043976
0.00443806
0.00447851
0.00451897
0.00394166
0.00398212
0.00402258
0.00406303
0.00410349
0.00414394
0.0041844
0.00422485
0.00426531
0.00430576
0.00434622
0.00438667
0.00442713
0.00446759
0.00450804
0.0045485
0.00397094
0.0040114
0.00405185
0.00409231
0.00413276
0.00417322
0.00421367
0.00425413
0.00429459
0.00433504
0.0043755
0.00441595
0.00445641
0.00449686
0.00453732
0.00457777
0.00404042
0.00408088
0.00412133
0.00416179
0.00420224
0.0042427
0.00428315
0.00432361
0.00436407
0.00440452
0.00444498
0.00448543
0.00452589
0.00456634
0.0046068
0.00464725
0.00406919
0.00410965
0.0041501
0.00419056
0.00423101
0.00427147
0.00431193
0.00435238
0.00439284
0.00443329
0.00447375
0.0045142
0.00455466
0.00459511
0.00463557
0.00467602
0.00409771
0.00413816
0.00417862
0.00421907
0.00425953
0.00429998
0.00434044
0.00438089
0.00442135
0.00446181
0.00450226
0.00454272
0.00458317
0.00462363
0.00466408
0.00470454
0.00416642
0.00420687
0.00424733
0.00428778
0.00432824
0.00436869
0.00440915
0.0044496
0.00449006
0.00453051
0.00457097
0.00461143
0.00465188
0.00469234
0.00473279
0.00477325
0.00419441
0.00423486
0.00427532
0.00431577
0.00435623
0.00439669
0.00443714
0.0044776
0.00451805
0.00455851
0.00459896
0.00463942
0.00467987
0.00472033
0.00476078
0.00480124
0.00422214
0.00426259
0.00430305
0.0043435
0.00438396
0.00442441
0.00446487
0.00450532
0.00454578
0.00458623
0.00462669
0.00466715
0.0047076
0.00474806
0.00478851
0.00482897
0.00486942
0.00429005
0.00433051
0.00437096
0.00441142
0.00445187
0.00449233
0.00453278
0.00457324
0.0046137
0.00465415
0.00469461
0.00473506
0.00477552
0.00481597
0.00485643
0.00489688
0.00431724
0.0043577
0.00439815
0.00443861
0.00447907
0.00451952
0.00455998
0.00460043
0.00464089
0.00468134
0.0047218
0.00476225
0.00480271
0.00484316
0.00488362
0.00492408
0.00496453
0.00434416
0.00438462
0.00442507
0.00446553
0.00450599
0.00454644
0.0045869
0.00462735
0.00466781
0.00470826
0.00474872
0.00478917
0.00482963
0.00487008
0.00491054
0.004951
0.00499145
0.00441126
0.00445172
0.00449218
0.00453263
0.00457309
0.00461354
0.004654
0.00469445
0.00473491
0.00477536
0.00481582
0.00485627
0.00489673
0.00493719
0.00497764
0.0050181
0.00443763
0.00447809
0.00451854
0.004559
0.00459945
0.00463991
0.00468037
0.00472082
0.00476128
0.00480173
0.00484219
0.00488264
0.0049231
0.00496355
0.00500401
0.00504446
0.00508492
0.00446372
0.00450418
0.00454463
0.00458509
0.00462554
0.004666
0.00470646
0.00474691
0.00478737
0.00482782
0.00486828
0.00490873
0.00494919
0.00498964
0.0050301
0.00507055
0.00511101
0.00452999
0.00457044
0.0046109
0.00465135
0.00469181
0.00473226
0.00477272
0.00481317
0.00485363
0.00489408
0.00493454
0.004975
0.00501545
0.00505591
0.00509636
0.00513682
0.00517727
0.00455551
0.00459596
0.00463642
0.00467688
0.00471733
0.00475779
0.00479824
0.0048387
0.00487915
0.00491961
0.00496006
0.00500052
0.00504098
0.00508143
0.00512189
0.00516234
0.0052028
0.0046212
0.00466166
0.00470211
0.00474257
0.00478302
0.00482348
0.00486393
0.00490439
0.00494485
0.0049853
0.00502576
0.00506621
0.00510667
0.00514712
0.00518758
0.00522803
0.00526849
0.00464615
0.00468661
0.00472706
0.00476752
0.00480797
0.00484843
0.00488888
0.00492934
0.00496979
0.00501025
0.0050507
0.00509116
0.00513162
0.00517207
0.00521253
0.00525298
0.00529344
0.00471126
0.00475172
0.00479217
0.00483263
0.00487308
0.00491354
0.00495399
0.00499445
0.00503491
0.00507536
0.00511582
0.00515627
0.00519673
0.00523718
0.00527764
0.00531809
0.00535855
0.00473562
0.00477608
0.00481653
0.00485699
0.00489745
0.0049379
0.00497836
0.00501881
0.00505927
0.00509972
0.00514018
0.00518063
0.00522109
0.00526155
0.005302
0.00534246
0.00538291
0.00475969
0.00480015
0.0048406
0.00488106
0.00492151
0.00496197
0.00500242
0.00504288
0.00508333
0.00512379
0.00516424
0.0052047
0.00524516
0.00528561
0.00532607
0.00536652
0.00540698
0.00544743
0.00482391
0.00486437
0.00490482
0.00494528
0.00498573
0.00502619
0.00506664
0.0051071
0.00514756
0.00518801
0.00522847
0.00526892
0.00530938
0.00534983
0.00539029
0.00543074
0.0054712
0.00484738
0.00488783
0.00492829
0.00496874
0.0050092
0.00504965
0.00509011
0.00513057
0.00517102
0.00521148
0.00525193
0.00529239
0.00533284
0.0053733
0.00541375
0.00545421
0.00549467
0.00553512
0.00491099
0.00495145
0.00499191
0.00503236
0.00507282
0.00511327
0.00515373
0.00519418
0.00523464
0.00527509
0.00531555
0.005356
0.00539646
0.00543692
0.00547737
0.00551783
0.00555828
0.00493385
0.0049743
0.00501476
0.00505522
0.00509567
0.00513613
0.00517658
0.00521704
0.00525749
0.00529795
0.0053384
0.00537886
0.00541932
0.00545977
0.00550023
0.00554068
0.00558114
0.00562159
0.00499685
0.00503731
0.00507776
0.00511822
0.00515867
0.00519913
0.00523958
0.00528004
0.0053205
0.00536095
0.00540141
0.00544186
0.00548232
0.00552277
0.00556323
0.00560368
0.00564414
0.00501909
0.00505954
0.0051
0.00514045
0.00518091
0.00522136
0.00526182
0.00530227
0.00534273
0.00538319
0.00542364
0.0054641
0.00550455
0.00554501
0.00558546
0.00562592
0.00566637
0.00570683
0.00508146
0.00512192
0.00516237
0.00520283
0.00524328
0.00528374
0.0053242
0.00536465
0.00540511
0.00544556
0.00548602
0.00552647
0.00556693
0.00560738
0.00564784
0.0056883
0.00572875
0.00510307
0.00514352
0.00518398
0.00522443
0.00526489
0.00530535
0.0053458
0.00538626
0.00542671
0.00546717
0.00550762
0.00554808
0.00558853
0.00562899
0.00566944
0.0057099
0.00575036
0.00579081
0.00516481
0.00520526
0.00524572
0.00528618
0.00532663
0.00536709
0.00540754
0.005448
0.00548845
0.00552891
0.00556936
0.00560982
0.00565028
0.00569073
0.00573119
0.00577164
0.0058121
0.00585255
0.00518577
0.00522623
0.00526669
0.00530714
0.0053476
0.00538805
0.00542851
0.00546896
0.00550942
0.00554987
0.00559033
0.00563078
0.00567124
0.0057117
0.00575215
0.00579261
0.00583306
0.00587352
0.00524687
0.00528733
0.00532778
0.00536824
0.00540869
0.00544915
0.0054896
0.00553006
0.00557052
0.00561097
0.00565143
0.00569188
0.00573234
0.00577279
0.00581325
0.0058537
0.00589416
0.00593461
0.00526719
0.00530764
0.0053481
0.00538855
0.00542901
0.00546946
0.00550992
0.00555037
0.00559083
0.00563129
0.00567174
0.0057122
0.00575265
0.00579311
0.00583356
0.00587402
0.00591447
0.00595493
0.00532763
0.00536808
0.00540854
0.00544899
0.00548945
0.00552991
0.00557036
0.00561082
0.00565127
0.00569173
0.00573218
0.00577264
0.00581309
0.00585355
0.00589401
0.00593446
0.00597492
0.00601537
0.00534728
0.00538774
0.00542819
0.00546865
0.00550911
0.00554956
0.00559002
0.00563047
0.00567093
0.00571138
0.00575184
0.00579229
0.00583275
0.00587321
0.00591366
0.00595412
0.00599457
0.00603503
0.00607548
0.00540706
0.00544752
0.00548797
0.00552843
0.00556888
0.00560934
0.00564979
0.00569025
0.00573071
0.00577116
0.00581162
0.00585207
0.00589253
0.00593298
0.00597344
0.00601389
0.00605435
0.00609481
0.00542605
0.0054665
0.00550696
0.00554741
0.00558787
0.00562832
0.00566878
0.00570924
0.00574969
0.00579015
0.0058306
0.00587106
0.00591151
0.00595197
0.00599242
0.00603288
0.00607334
0.00611379
0.00615425
0.00548515
0.00552561
0.00556606
0.00560652
0.00564697
0.00568743
0.00572788
0.00576834
0.00580879
0.00584925
0.00588971
0.00593016
0.00597062
0.00601107
0.00605153
0.00609198
0.00613244
0.00617289
0.00621335
0.00554391
0.00558437
0.00562482
0.00566528
0.00570573
0.00574619
0.00578665
0.0058271
0.00586756
0.00590801
0.00594847
0.00598892
0.00602938
0.00606983
0.00611029
0.00615075
0.0061912
0.00623166
0.00556188
0.00560233
0.00564279
0.00568324
0.0057237
0.00576415
0.00580461
0.00584506
0.00588552
0.00592598
0.00596643
0.00600689
0.00604734
0.0060878
0.00612825
0.00616871
0.00620916
0.00624962
0.00629008
0.00561995
0.0056604
0.00570086
0.00574131
0.00578177
0.00582223
0.00586268
0.00590314
0.00594359
0.00598405
0.0060245
0.00606496
0.00610541
0.00614587
0.00618633
0.00622678
0.00626724
0.00630769
0.00563722
0.00567767
0.00571813
0.00575858
0.00579904
0.00583949
0.00587995
0.00592041
0.00596086
0.00600132
0.00604177
0.00608223
0.00612268
0.00616314
0.00620359
0.00624405
0.00628451
0.00632496
0.00636542
0.00569459
0.00573505
0.0057755
0.00581596
0.00585641
0.00589687
0.00593732
0.00597778
0.00601824
0.00605869
0.00609915
0.0061396
0.00618006
0.00622051
0.00626097
0.00630142
0.00634188
0.00638234
0.00642279
0.00575161
0.00579207
0.00583252
0.00587298
0.00591343
0.00595389
0.00599434
0.0060348
0.00607526
0.00611571
0.00615617
0.00619662
0.00623708
0.00627753
0.00631799
0.00635844
0.0063989
0.00643936
0.00647981
0.00576782
0.00580828
0.00584873
0.00588919
0.00592964
0.0059701
0.00601055
0.00605101
0.00609146
0.00613192
0.00617238
0.00621283
0.00625329
0.00629374
0.0063342
0.00637465
0.00641511
0.00645556
0.00649602
0.00582413
0.00586458
0.00590504
0.00594549
0.00598595
0.0060264
0.00606686
0.00610732
0.00614777
0.00618823
0.00622868
0.00626914
0.00630959
0.00635005
0.0063905
0.00643096
0.00647142
0.00651187
0.00655233
0.00588007
0.00592053
0.00596098
0.00600144
0.00604189
0.00608235
0.00612281
0.00616326
0.00620372
0.00624417
0.00628463
0.00632508
0.00636554
0.00640599
0.00644645
0.00648691
0.00652736
0.00656782
0.00660827
0.0058952
0.00593565
0.00597611
0.00601657
0.00605702
0.00609748
0.00613793
0.00617839
0.00621884
0.0062593
0.00629975
0.00634021
0.00638067
0.00642112
0.00646158
0.00650203
0.00654249
0.00658294
0.0066234
0.00595042
0.00599087
0.00603133
0.00607178
0.00611224
0.00615269
0.00619315
0.00623361
0.00627406
0.00631452
0.00635497
0.00639543
0.00643588
0.00647634
0.00651679
0.00655725
0.00659771
0.00663816
0.00667862
0.00600526
0.00604572
0.00608618
0.00612663
0.00616709
0.00620754
0.006248
0.00628845
0.00632891
0.00636936
0.00640982
0.00645028
0.00649073
0.00653119
0.00657164
0.0066121
0.00665255
0.00669301
0.00673347
0.00601929
0.00605974
0.0061002
0.00614065
0.00618111
0.00622157
0.00626202
0.00630248
0.00634293
0.00638339
0.00642384
0.0064643
0.00650475
0.00654521
0.00658567
0.00662612
0.00666658
0.00670703
0.00674749
0.00678794
0.00607339
0.00611385
0.0061543
0.00619476
0.00623521
0.00627567
0.00631613
0.00635658
0.00639704
0.00643749
0.00647795
0.0065184
0.00655886
0.00659932
0.00663977
0.00668023
0.00672068
0.00676114
0.00680159
0.00612712
0.00616758
0.00620803
0.00624849
0.00628894
0.0063294
0.00636986
0.00641031
0.00645077
0.00649122
0.00653168
0.00657213
0.00661259
0.00665304
0.0066935
0.00673396
0.00677441
0.00681487
0.00685532
0.00614002
0.00618047
0.00622093
0.00626139
0.00630184
0.0063423
0.00638275
0.00642321
0.00646366
0.00650412
0.00654457
0.00658503
0.00662549
0.00666594
0.0067064
0.00674685
0.00678731
0.00682776
0.00686822
0.00690867
0.00619299
0.00623345
0.0062739
0.00631436
0.00635481
0.00639527
0.00643572
0.00647618
0.00651663
0.00655709
0.00659755
0.006638
0.00667846
0.00671891
0.00675937
0.00679982
0.00684028
0.00688073
0.00692119
0.00696165
0.00624558
0.00628603
0.00632649
0.00636694
0.0064074
0.00644786
0.00648831
0.00652877
0.00656922
0.00660968
0.00665013
0.00669059
0.00673105
0.0067715
0.00681196
0.00685241
0.00689287
0.00693332
0.00697378
0.00701423
0.00629778
0.00633824
0.00637869
0.00641915
0.0064596
0.00650006
0.00654051
0.00658097
0.00662143
0.00666188
0.00670234
0.00674279
0.00678325
0.0068237
0.00686416
0.00690461
0.00694507
0.00698553
0.00702598
0.00630914
0.0063496
0.00639005
0.00643051
0.00647096
0.00651142
0.00655187
0.00659233
0.00663279
0.00667324
0.0067137
0.00675415
0.00679461
0.00683506
0.00687552
0.00691597
0.00695643
0.00699689
0.00703734
0.0070778
0.00636057
0.00640102
0.00644148
0.00648193
0.00652239
0.00656284
0.0066033
0.00664375
0.00668421
0.00672467
0.00676512
0.00680558
0.00684603
0.00688649
0.00692694
0.0069674
0.00700785
0.00704831
0.00708877
0.00712922
0.0064116
0.00645205
0.00649251
0.00653296
0.00657342
0.00661388
0.00665433
0.00669479
0.00673524
0.0067757
0.00681615
0.00685661
0.00689706
0.00693752
0.00697798
0.00701843
0.00705889
0.00709934
0.0071398
0.00718025
0.00646223
0.00650269
0.00654314
0.0065836
0.00662406
0.00666451
0.00670497
0.00674542
0.00678588
0.00682633
0.00686679
0.00690725
0.0069477
0.00698816
0.00702861
0.00706907
0.00710952
0.00714998
0.00719043
0.00723089
0.00651247
0.00655293
0.00659338
0.00663384
0.0066743
0.00671475
0.00675521
0.00679566
0.00683612
0.00687657
0.00691703
0.00695748
0.00699794
0.0070384
0.00707885
0.00711931
0.00715976
0.00720022
0.00724067
0.00728113
0.00652186
0.00656231
0.00660277
0.00664322
0.00668368
0.00672413
0.00676459
0.00680505
0.0068455
0.00688596
0.00692641
0.00696687
0.00700732
0.00704778
0.00708823
0.00712869
0.00716915
0.0072096
0.00725006
0.00729051
0.00657129
0.00661175
0.0066522
0.00669266
0.00673311
0.00677357
0.00681403
0.00685448
0.00689494
0.00693539
0.00697585
0.0070163
0.00705676
0.00709722
0.00713767
0.00717813
0.00721858
0.00725904
0.00729949
0.00733995
0.00662032
0.00666078
0.00670123
0.00674169
0.00678215
0.0068226
0.00686306
0.00690351
0.00694397
0.00698442
0.00702488
0.00706534
0.00710579
0.00714625
0.0071867
0.00722716
0.00726761
0.00730807
0.00734852
0.00738898
0.00666895
0.0067094
0.00674986
0.00679031
0.00683077
0.00687122
0.00691168
0.00695214
0.00699259
0.00703305
0.0070735
0.00711396
0.00715441
0.00719487
0.00723533
0.00727578
0.00731624
0.00735669
0.00739715
0.0074376
0.00671716
0.00675762
0.00679807
0.00683853
0.00687898
0.00691944
0.00695989
0.00700035
0.0070408
0.00708126
0.00712172
0.00716217
0.00720263
0.00724308
0.00728354
0.00732399
0.00736445
0.00740491
0.00744536
0.00748582
0.00676496
0.00680542
0.00684587
0.00688633
0.00692678
0.00696724
0.00700769
0.00704815
0.00708861
0.00712906
0.00716952
0.00720997
0.00725043
0.00729088
0.00733134
0.0073718
0.00741225
0.00745271
0.00749316
0.00753362
0.00677189
0.00681235
0.0068528
0.00689326
0.00693371
0.00697417
0.00701462
0.00705508
0.00709554
0.00713599
0.00717645
0.0072169
0.00725736
0.00729781
0.00733827
0.00737873
0.00741918
0.00745964
0.00750009
0.00754055
0.007581
0.00681886
0.00685931
0.00689977
0.00694023
0.00698068
0.00702114
0.00706159
0.00710205
0.0071425
0.00718296
0.00722342
0.00726387
0.00730433
0.00734478
0.00738524
0.00742569
0.00746615
0.00750661
0.00754706
0.00758752
0.00762797
0.00686541
0.00690586
0.00694632
0.00698677
0.00702723
0.00706769
0.00710814
0.0071486
0.00718905
0.00722951
0.00726996
0.00731042
0.00735088
0.00739133
0.00743179
0.00747224
0.0075127
0.00755315
0.00759361
0.00763406
0.00767452
0.00691153
0.00695199
0.00699244
0.0070329
0.00707336
0.00711381
0.00715427
0.00719472
0.00723518
0.00727563
0.00731609
0.00735655
0.007397
0.00743746
0.00747791
0.00751837
0.00755882
0.00759928
0.00763974
0.00768019
0.00772065
0.00695723
0.00699769
0.00703815
0.0070786
0.00711906
0.00715951
0.00719997
0.00724042
0.00728088
0.00732134
0.00736179
0.00740225
0.0074427
0.00748316
0.00752361
0.00756407
0.00760452
0.00764498
0.00768544
0.00772589
0.00776635
0.00700251
0.00704296
0.00708342
0.00712387
0.00716433
0.00720479
0.00724524
0.0072857
0.00732615
0.00736661
0.00740706
0.00744752
0.00748798
0.00752843
0.00756889
0.00760934
0.0076498
0.00769025
0.00773071
0.00777117
0.00781162
0.00704735
0.00708781
0.00712826
0.00716872
0.00720917
0.00724963
0.00729009
0.00733054
0.007371
0.00741145
0.00745191
0.00749236
0.00753282
0.00757328
0.00761373
0.00765419
0.00769464
0.0077351
0.00777555
0.00781601
0.00785647
0.00709176
0.00713222
0.00717267
0.00721313
0.00725359
0.00729404
0.0073345
0.00737495
0.00741541
0.00745586
0.00749632
0.00753678
0.00757723
0.00761769
0.00765814
0.0076986
0.00773905
0.00777951
0.00781997
0.00786042
0.00790088
0.00713574
0.0071762
0.00721665
0.00725711
0.00729756
0.00733802
0.00737847
0.00741893
0.00745939
0.00749984
0.0075403
0.00758075
0.00762121
0.00766166
0.00770212
0.00774258
0.00778303
0.00782349
0.00786394
0.0079044
0.00794485
0.00717928
0.00721974
0.00726019
0.00730065
0.0073411
0.00738156
0.00742201
0.00746247
0.00750293
0.00754338
0.00758384
0.00762429
0.00766475
0.0077052
0.00774566
0.00778612
0.00782657
0.00786703
0.00790748
0.00794794
0.00798839
0.00722238
0.00726284
0.00730329
0.00734375
0.0073842
0.00742466
0.00746511
0.00750557
0.00754603
0.00758648
0.00762694
0.00766739
0.00770785
0.0077483
0.00778876
0.00782921
0.00786967
0.00791013
0.00795058
0.00799104
0.00803149
0.00726504
0.00730549
0.00734595
0.0073864
0.00742686
0.00746732
0.00750777
0.00754823
0.00758868
0.00762914
0.00766959
0.00771005
0.00775051
0.00779096
0.00783142
0.00787187
0.00791233
0.00795278
0.00799324
0.0080337
0.00807415
0.00730725
0.00734771
0.00738816
0.00742862
0.00746907
0.00750953
0.00754998
0.00759044
0.0076309
0.00767135
0.00771181
0.00775226
0.00779272
0.00783317
0.00787363
0.00791409
0.00795454
0.007995
0.00803545
0.00807591
0.00811636
0.00734902
0.00738947
0.00742993
0.00747038
0.00751084
0.00755129
0.00759175
0.00763221
0.00767266
0.00771312
0.00775357
0.00779403
0.00783448
0.00787494
0.0079154
0.00795585
0.00799631
0.00803676
0.00807722
0.00811767
0.00815813
0.00739033
0.00743079
0.00747124
0.0075117
0.00755216
0.00759261
0.00763307
0.00767352
0.00771398
0.00775443
0.00779489
0.00783535
0.0078758
0.00791626
0.00795671
0.00799717
0.00803762
0.00807808
0.00811854
0.00815899
0.00819945
0.0074312
0.00747165
0.00751211
0.00755256
0.00759302
0.00763348
0.00767393
0.00771439
0.00775484
0.0077953
0.00783575
0.00787621
0.00791667
0.00795712
0.00799758
0.00803803
0.00807849
0.00811894
0.0081594
0.00819986
0.00824031
0.00747161
0.00751206
0.00755252
0.00759297
0.00763343
0.00767389
0.00771434
0.0077548
0.00779525
0.00783571
0.00787616
0.00791662
0.00795708
0.00799753
0.00803799
0.00807844
0.0081189
0.00815935
0.00819981
0.00824027
0.00828072
0.00751156
0.00755202
0.00759247
0.00763293
0.00767338
0.00771384
0.00775429
0.00779475
0.00783521
0.00787566
0.00791612
0.00795657
0.00799703
0.00803748
0.00807794
0.0081184
0.00815885
0.00819931
0.00823976
0.00828022
0.00832067
0.00755105
0.00759151
0.00763196
0.00767242
0.00771288
0.00775333
0.00779379
0.00783424
0.0078747
0.00791515
0.00795561
0.00799607
0.00803652
0.00807698
0.00811743
0.00815789
0.00819834
0.0082388
0.00827926
0.00831971
0.00836017
0.00759008
0.00763054
0.007671
0.00771145
0.00775191
0.00779236
0.00783282
0.00787327
0.00791373
0.00795419
0.00799464
0.0080351
0.00807555
0.00811601
0.00815646
0.00819692
0.00823738
0.00827783
0.00831829
0.00835874
0.0083992
0.00843965
0.00762865
0.00766911
0.00770956
0.00775002
0.00779047
0.00783093
0.00787139
0.00791184
0.0079523
0.00799275
0.00803321
0.00807366
0.00811412
0.00815458
0.00819503
0.00823549
0.00827594
0.0083164
0.00835685
0.00839731
0.00843777
0.00847822
0.00766675
0.00770721
0.00774766
0.00778812
0.00782857
0.00786903
0.00790949
0.00794994
0.0079904
0.00803085
0.00807131
0.00811176
0.00815222
0.00819268
0.00823313
0.00827359
0.00831404
0.0083545
0.00839495
0.00843541
0.00847587
0.00851632
0.00770438
0.00774484
0.00778529
0.00782575
0.00786621
0.00790666
0.00794712
0.00798757
0.00802803
0.00806848
0.00810894
0.0081494
0.00818985
0.00823031
0.00827076
0.00831122
0.00835167
0.00839213
0.00843259
0.00847304
0.0085135
0.00855395
0.007782
0.00782245
0.00786291
0.00790336
0.00794382
0.00798428
0.00802473
0.00806519
0.00810564
0.0081461
0.00818655
0.00822701
0.00826747
0.00830792
0.00834838
0.00838883
0.00842929
0.00846975
0.0085102
0.00855066
0.00859111
0.00781868
0.00785914
0.00789959
0.00794005
0.0079805
0.00802096
0.00806142
0.00810187
0.00814233
0.00818278
0.00822324
0.0082637
0.00830415
0.00834461
0.00838506
0.00842552
0.00846597
0.00850643
0.00854689
0.00858734
0.0086278
0.00785489
0.00789535
0.0079358
0.00797626
0.00801671
0.00805717
0.00809762
0.00813808
0.00817854
0.00821899
0.00825945
0.0082999
0.00834036
0.00838081
0.00842127
0.00846173
0.00850218
0.00854264
0.00858309
0.00862355
0.00866401
0.00870446
0.00789062
0.00793107
0.00797153
0.00801199
0.00805244
0.0080929
0.00813335
0.00817381
0.00821426
0.00825472
0.00829518
0.00833563
0.00837609
0.00841654
0.008457
0.00849746
0.00853791
0.00857837
0.00861882
0.00865928
0.00869973
0.00874019
0.00792587
0.00796632
0.00800678
0.00804723
0.00808769
0.00812814
0.0081686
0.00820906
0.00824951
0.00828997
0.00833042
0.00837088
0.00841134
0.00845179
0.00849225
0.0085327
0.00857316
0.00861361
0.00865407
0.00869453
0.00873498
0.00877544
0.00796063
0.00800108
0.00804154
0.008082
0.00812245
0.00816291
0.00820336
0.00824382
0.00828428
0.00832473
0.00836519
0.00840564
0.0084461
0.00848655
0.00852701
0.00856747
0.00860792
0.00864838
0.00868883
0.00872929
0.00876974
0.0088102
0.00803536
0.00807582
0.00811627
0.00815673
0.00819718
0.00823764
0.0082781
0.00831855
0.00835901
0.00839946
0.00843992
0.00848037
0.00852083
0.00856129
0.00860174
0.0086422
0.00868265
0.00872311
0.00876357
0.00880402
0.00884448
0.00888493
0.00806915
0.0081096
0.00815006
0.00819052
0.00823097
0.00827143
0.00831188
0.00835234
0.00839279
0.00843325
0.00847371
0.00851416
0.00855462
0.00859507
0.00863553
0.00867599
0.00871644
0.0087569
0.00879735
0.00883781
0.00887826
0.00891872
0.00810244
0.0081429
0.00818336
0.00822381
0.00826427
0.00830472
0.00834518
0.00838563
0.00842609
0.00846655
0.008507
0.00854746
0.00858791
0.00862837
0.00866883
0.00870928
0.00874974
0.00879019
0.00883065
0.0088711
0.00891156
0.00895202
0.00813525
0.0081757
0.00821616
0.00825661
0.00829707
0.00833752
0.00837798
0.00841844
0.00845889
0.00849935
0.0085398
0.00858026
0.00862072
0.00866117
0.00870163
0.00874208
0.00878254
0.00882299
0.00886345
0.00890391
0.00894436
0.00898482
0.00816755
0.00820801
0.00824846
0.00828892
0.00832937
0.00836983
0.00841029
0.00845074
0.0084912
0.00853165
0.00857211
0.00861257
0.00865302
0.00869348
0.00873393
0.00877439
0.00881484
0.0088553
0.00889576
0.00893621
0.00897667
0.00901712
0.00905758
0.00823981
0.00828027
0.00832072
0.00836118
0.00840164
0.00844209
0.00848255
0.008523
0.00856346
0.00860392
0.00864437
0.00868483
0.00872528
0.00876574
0.00880619
0.00884665
0.00888711
0.00892756
0.00896802
0.00900847
0.00904893
0.00908939
0.00827112
0.00831157
0.00835203
0.00839249
0.00843294
0.0084734
0.00851385
0.00855431
0.00859476
0.00863522
0.00867568
0.00871613
0.00875659
0.00879704
0.0088375
0.00887796
0.00891841
0.00895887
0.00899932
0.00903978
0.00908023
0.00912069
0.00830192
0.00834237
0.00838283
0.00842329
0.00846374
0.0085042
0.00854465
0.00858511
0.00862557
0.00866602
0.00870648
0.00874693
0.00878739
0.00882784
0.0088683
0.00890876
0.00894921
0.00898967
0.00903012
0.00907058
0.00911104
0.00915149
0.00919195
0.00837267
0.00841313
0.00845358
0.00849404
0.00853449
0.00857495
0.0086154
0.00865586
0.00869632
0.00873677
0.00877723
0.00881768
0.00885814
0.0088986
0.00893905
0.00897951
0.00901996
0.00906042
0.00910087
0.00914133
0.00918179
0.00922224
0.00840246
0.00844291
0.00848337
0.00852382
0.00856428
0.00860473
0.00864519
0.00868565
0.0087261
0.00876656
0.00880701
0.00884747
0.00888793
0.00892838
0.00896884
0.00900929
0.00904975
0.0090902
0.00913066
0.00917112
0.00921157
0.00925203
0.00843173
0.00847219
0.00851264
0.0085531
0.00859355
0.00863401
0.00867446
0.00871492
0.00875538
0.00879583
0.00883629
0.00887674
0.0089172
0.00895766
0.00899811
0.00903857
0.00907902
0.00911948
0.00915994
0.00920039
0.00924085
0.0092813
0.00932176
0.00850095
0.0085414
0.00858186
0.00862231
0.00866277
0.00870323
0.00874368
0.00878414
0.00882459
0.00886505
0.0089055
0.00894596
0.00898642
0.00902687
0.00906733
0.00910778
0.00914824
0.0091887
0.00922915
0.00926961
0.00931006
0.00935052
0.00852919
0.00856965
0.0086101
0.00865056
0.00869101
0.00873147
0.00877193
0.00881238
0.00885284
0.00889329
0.00893375
0.00897421
0.00901466
0.00905512
0.00909557
0.00913603
0.00917648
0.00921694
0.0092574
0.00929785
0.00933831
0.00937876
0.00941922
0.00855692
0.00859737
0.00863783
0.00867828
0.00871874
0.0087592
0.00879965
0.00884011
0.00888056
0.00892102
0.00896148
0.00900193
0.00904239
0.00908284
0.0091233
0.00916375
0.00920421
0.00924467
0.00928512
0.00932558
0.00936603
0.00940649
0.00944695
0.00862458
0.00866503
0.00870549
0.00874594
0.0087864
0.00882686
0.00886731
0.00890777
0.00894822
0.00898868
0.00902914
0.00906959
0.00911005
0.0091505
0.00919096
0.00923142
0.00927187
0.00931233
0.00935278
0.00939324
0.00943369
0.00947415
0.00865126
0.00869171
0.00873217
0.00877263
0.00881308
0.00885354
0.00889399
0.00893445
0.0089749
0.00901536
0.00905582
0.00909627
0.00913673
0.00917718
0.00921764
0.0092581
0.00929855
0.00933901
0.00937946
0.00941992
0.00946038
0.00950083
0.00954129
0.00867741
0.00871787
0.00875832
0.00879878
0.00883924
0.00887969
0.00892015
0.0089606
0.00900106
0.00904152
0.00908197
0.00912243
0.00916288
0.00920334
0.0092438
0.00928425
0.00932471
0.00936516
0.00940562
0.00944607
0.00948653
0.00952699
0.00956744
0.00874349
0.00878395
0.00882441
0.00886486
0.00890532
0.00894577
0.00898623
0.00902669
0.00906714
0.0091076
0.00914805
0.00918851
0.00922897
0.00926942
0.00930988
0.00935033
0.00939079
0.00943124
0.0094717
0.00951216
0.00955261
0.00959307
0.00963352
0.00876859
0.00880905
0.0088495
0.00888996
0.00893041
0.00897087
0.00901133
0.00905178
0.00909224
0.00913269
0.00917315
0.0092136
0.00925406
0.00929452
0.00933497
0.00937543
0.00941588
0.00945634
0.0094968
0.00953725
0.00957771
0.00961816
0.00965862
0.00883361
0.00887406
0.00891452
0.00895498
0.00899543
0.00903589
0.00907634
0.0091168
0.00915725
0.00919771
0.00923817
0.00927862
0.00931908
0.00935953
0.00939999
0.00944045
0.0094809
0.00952136
0.00956181
0.00960227
0.00964273
0.00968318
0.00972364
0.00885763
0.00889809
0.00893854
0.008979
0.00901946
0.00905991
0.00910037
0.00914082
0.00918128
0.00922174
0.00926219
0.00930265
0.0093431
0.00938356
0.00942402
0.00946447
0.00950493
0.00954538
0.00958584
0.0096263
0.00966675
0.00970721
0.00974766
0.00892158
0.00896203
0.00900249
0.00904294
0.0090834
0.00912386
0.00916431
0.00920477
0.00924522
0.00928568
0.00932614
0.00936659
0.00940705
0.0094475
0.00948796
0.00952841
0.00956887
0.00960933
0.00964978
0.00969024
0.00973069
0.00977115
0.00981161
0.00894452
0.00898498
0.00902543
0.00906589
0.00910635
0.0091468
0.00918726
0.00922771
0.00926817
0.00930863
0.00934908
0.00938954
0.00942999
0.00947045
0.00951091
0.00955136
0.00959182
0.00963227
0.00967273
0.00971318
0.00975364
0.0097941
0.00983455
0.00900738
0.00904784
0.00908829
0.00912875
0.0091692
0.00920966
0.00925012
0.00929057
0.00933103
0.00937148
0.00941194
0.0094524
0.00949285
0.00953331
0.00957376
0.00961422
0.00965468
0.00969513
0.00973559
0.00977604
0.0098165
0.00985696
0.00989741
0.00902924
0.00906969
0.00911015
0.00915061
0.00919106
0.00923152
0.00927197
0.00931243
0.00935289
0.00939334
0.0094338
0.00947425
0.00951471
0.00955517
0.00959562
0.00963608
0.00967653
0.00971699
0.00975744
0.0097979
0.00983836
0.00987881
0.00991927
0.009091
0.00913146
0.00917191
0.00921237
0.00925283
0.00929328
0.00933374
0.00937419
0.00941465
0.00945511
0.00949556
0.00953602
0.00957647
0.00961693
0.00965739
0.00969784
0.0097383
0.00977875
0.00981921
0.00985967
0.00990012
0.00994058
0.00998103
0.00911176
0.00915222
0.00919267
0.00923313
0.00927358
0.00931404
0.0093545
0.00939495
0.00943541
0.00947586
0.00951632
0.00955678
0.00959723
0.00963769
0.00967814
0.0097186
0.00975906
0.00979951
0.00983997
0.00988042
0.00992088
0.00996134
0.0100018
0.0100422
0.00917242
0.00921288
0.00925333
0.00929379
0.00933424
0.0093747
0.00941516
0.00945561
0.00949607
0.00953652
0.00957698
0.00961744
0.00965789
0.00969835
0.0097388
0.00977926
0.00981972
0.00986017
0.00990063
0.00994108
0.00998154
0.010022
0.0100625
0.00919207
0.00923253
0.00927298
0.00931344
0.00935389
0.00939435
0.00943481
0.00947526
0.00951572
0.00955617
0.00959663
0.00963709
0.00967754
0.009718
0.00975845
0.00979891
0.00983936
0.00987982
0.00992028
0.00996073
0.0100012
0.0100416
0.0100821
0.0101226
0.00925162
0.00929207
0.00933253
0.00937298
0.00941344
0.0094539
0.00949435
0.00953481
0.00957526
0.00961572
0.00965618
0.00969663
0.00973709
0.00977754
0.009818
0.00985846
0.00989891
0.00993937
0.00997982
0.0100203
0.0100607
0.0101012
0.0101416
0.00927015
0.0093106
0.00935106
0.00939151
0.00943197
0.00947243
0.00951288
0.00955334
0.00959379
0.00963425
0.00967471
0.00971516
0.00975562
0.00979607
0.00983653
0.00987699
0.00991744
0.0099579
0.00999835
0.0100388
0.0100793
0.0101197
0.0101602
0.0102006
0.00932857
0.00936902
0.00940948
0.00944994
0.00949039
0.00953085
0.0095713
0.00961176
0.00965222
0.00969267
0.00973313
0.00977358
0.00981404
0.0098545
0.00989495
0.00993541
0.00997586
0.0100163
0.0100568
0.0100972
0.0101377
0.0101781
0.0102186
0.0102591
0.00938643
0.00942688
0.00946734
0.00950779
0.00954825
0.00958871
0.00962916
0.00966962
0.00971007
0.00975053
0.00979099
0.00983144
0.0098719
0.00991235
0.00995281
0.00999327
0.0100337
0.0100742
0.0101146
0.0101551
0.0101955
0.010236
0.0102765
0.00940326
0.00944371
0.00948417
0.00952463
0.00956508
0.00960554
0.00964599
0.00968645
0.00972691
0.00976736
0.00980782
0.00984827
0.00988873
0.00992919
0.00996964
0.0100101
0.0100506
0.010091
0.0101315
0.0101719
0.0102124
0.0102528
0.0102933
0.0103337
0.00945998
0.00950043
0.00954089
0.00958134
0.0096218
0.00966226
0.00970271
0.00974317
0.00978362
0.00982408
0.00986454
0.00990499
0.00994545
0.0099859
0.0100264
0.0100668
0.0101073
0.0101477
0.0101882
0.0102286
0.0102691
0.0103096
0.01035
0.0103905
0.00951612
0.00955658
0.00959703
0.00963749
0.00967795
0.0097184
0.00975886
0.00979931
0.00983977
0.00988023
0.00992068
0.00996114
0.0100016
0.0100421
0.0100825
0.010123
0.0101634
0.0102039
0.0102443
0.0102848
0.0103252
0.0103657
0.0104062
0.00953124
0.00957169
0.00961215
0.0096526
0.00969306
0.00973352
0.00977397
0.00981443
0.00985488
0.00989534
0.0099358
0.00997625
0.0100167
0.0100572
0.0100976
0.0101381
0.0101785
0.010219
0.0102594
0.0102999
0.0103404
0.0103808
0.0104213
0.0104617
0.00958623
0.00962668
0.00966714
0.0097076
0.00974805
0.00978851
0.00982896
0.00986942
0.00990988
0.00995033
0.00999079
0.0100312
0.0100717
0.0101122
0.0101526
0.0101931
0.0102335
0.010274
0.0103144
0.0103549
0.0103953
0.0104358
0.0104763
0.0105167
0.00964064
0.0096811
0.00972155
0.00976201
0.00980246
0.00984292
0.00988338
0.00992383
0.00996429
0.0100047
0.0100452
0.0100857
0.0101261
0.0101666
0.010207
0.0102475
0.0102879
0.0103284
0.0103688
0.0104093
0.0104498
0.0104902
0.0105307
0.0105711
0.00965401
0.00969447
0.00973492
0.00977538
0.00981584
0.00985629
0.00989675
0.0099372
0.00997766
0.0100181
0.0100586
0.010099
0.0101395
0.0101799
0.0102204
0.0102609
0.0103013
0.0103418
0.0103822
0.0104227
0.0104631
0.0105036
0.010544
0.0105845
0.00970726
0.00974771
0.00978817
0.00982862
0.00986908
0.00990954
0.00994999
0.00999045
0.0100309
0.0100714
0.0101118
0.0101523
0.0101927
0.0102332
0.0102736
0.0103141
0.0103546
0.010395
0.0104355
0.0104759
0.0105164
0.0105568
0.0105973
0.0106377
0.00975991
0.00980037
0.00984082
0.00988128
0.00992173
0.00996219
0.0100026
0.0100431
0.0100836
0.010124
0.0101645
0.0102049
0.0102454
0.0102858
0.0103263
0.0103668
0.0104072
0.0104477
0.0104881
0.0105286
0.010569
0.0106095
0.0106499
0.0106904
0.00981198
0.00985243
0.00989289
0.00993334
0.0099738
0.0100143
0.0100547
0.0100952
0.0101356
0.0101761
0.0102165
0.010257
0.0102974
0.0103379
0.0103784
0.0104188
0.0104593
0.0104997
0.0105402
0.0105806
0.0106211
0.0106616
0.010702
0.0107425
0.00982299
0.00986345
0.0099039
0.00994436
0.00998482
0.0100253
0.0100657
0.0101062
0.0101466
0.0101871
0.0102276
0.010268
0.0103085
0.0103489
0.0103894
0.0104298
0.0104703
0.0105107
0.0105512
0.0105917
0.0106321
0.0106726
0.010713
0.0107535
0.0107939
0.00987387
0.00991433
0.00995478
0.00999524
0.0100357
0.0100761
0.0101166
0.0101571
0.0101975
0.010238
0.0102784
0.0103189
0.0103593
0.0103998
0.0104403
0.0104807
0.0105212
0.0105616
0.0106021
0.0106425
0.010683
0.0107234
0.0107639
0.0108044
0.0108448
0.00992415
0.0099646
0.0100051
0.0100455
0.010086
0.0101264
0.0101669
0.0102073
0.0102478
0.0102883
0.0103287
0.0103692
0.0104096
0.0104501
0.0104905
0.010531
0.0105714
0.0106119
0.0106524
0.0106928
0.0107333
0.0107737
0.0108142
0.0108546
0.00997383
0.0100143
0.0100547
0.0100952
0.0101357
0.0101761
0.0102166
0.010257
0.0102975
0.0103379
0.0103784
0.0104188
0.0104593
0.0104998
0.0105402
0.0105807
0.0106211
0.0106616
0.010702
0.0107425
0.0107829
0.0108234
0.0108639
0.0109043
0.0100229
0.0100634
0.0101038
0.0101443
0.0101847
0.0102252
0.0102656
0.0103061
0.0103466
0.010387
0.0104275
0.0104679
0.0105084
0.0105488
0.0105893
0.0106297
0.0106702
0.0107107
0.0107511
0.0107916
0.010832
0.0108725
0.0109129
0.0109534
0.0100714
0.0101118
0.0101523
0.0101927
0.0102332
0.0102737
0.0103141
0.0103546
0.010395
0.0104355
0.0104759
0.0105164
0.0105568
0.0105973
0.0106378
0.0106782
0.0107187
0.0107591
0.0107996
0.01084
0.0108805
0.010921
0.0109614
0.0110019
0.0100788
0.0101192
0.0101597
0.0102002
0.0102406
0.0102811
0.0103215
0.010362
0.0104024
0.0104429
0.0104833
0.0105238
0.0105643
0.0106047
0.0106452
0.0106856
0.0107261
0.0107665
0.010807
0.0108474
0.0108879
0.0109284
0.0109688
0.0110093
0.0110497
0.010126
0.0101665
0.0102069
0.0102474
0.0102879
0.0103283
0.0103688
0.0104092
0.0104497
0.0104901
0.0105306
0.0105711
0.0106115
0.010652
0.0106924
0.0107329
0.0107733
0.0108138
0.0108542
0.0108947
0.0109352
0.0109756
0.0110161
0.0110565
0.011097
0.0101727
0.0102131
0.0102536
0.010294
0.0103345
0.010375
0.0104154
0.0104559
0.0104963
0.0105368
0.0105772
0.0106177
0.0106582
0.0106986
0.0107391
0.0107795
0.01082
0.0108604
0.0109009
0.0109413
0.0109818
0.0110223
0.0110627
0.0111032
0.0111436
0.0102187
0.0102592
0.0102996
0.0103401
0.0103805
0.010421
0.0104614
0.0105019
0.0105424
0.0105828
0.0106233
0.0106637
0.0107042
0.0107446
0.0107851
0.0108255
0.010866
0.0109065
0.0109469
0.0109874
0.0110278
0.0110683
0.0111087
0.0111492
0.0111897
0.0102641
0.0103046
0.010345
0.0103855
0.0104259
0.0104664
0.0105068
0.0105473
0.0105878
0.0106282
0.0106687
0.0107091
0.0107496
0.01079
0.0108305
0.010871
0.0109114
0.0109519
0.0109923
0.0110328
0.0110732
0.0111137
0.0111541
0.0111946
0.0112351
0.0103089
0.0103494
0.0103898
0.0104303
0.0104707
0.0105112
0.0105516
0.0105921
0.0106326
0.010673
0.0107135
0.0107539
0.0107944
0.0108348
0.0108753
0.0109157
0.0109562
0.0109967
0.0110371
0.0110776
0.011118
0.0111585
0.0111989
0.0112394
0.0112798
0.0103531
0.0103935
0.010434
0.0104744
0.0105149
0.0105553
0.0105958
0.0106363
0.0106767
0.0107172
0.0107576
0.0107981
0.0108385
0.010879
0.0109195
0.0109599
0.0110004
0.0110408
0.0110813
0.0111217
0.0111622
0.0112026
0.0112431
0.0112836
0.011324
0.0103966
0.0104371
0.0104775
0.010518
0.0105584
0.0105989
0.0106393
0.0106798
0.0107203
0.0107607
0.0108012
0.0108416
0.0108821
0.0109225
0.010963
0.0110035
0.0110439
0.0110844
0.0111248
0.0111653
0.0112057
0.0112462
0.0112866
0.0113271
0.0113676
0.0104395
0.01048
0.0105204
0.0105609
0.0106013
0.0106418
0.0106823
0.0107227
0.0107632
0.0108036
0.0108441
0.0108845
0.010925
0.0109655
0.0110059
0.0110464
0.0110868
0.0111273
0.0111677
0.0112082
0.0112486
0.0112891
0.0113296
0.01137
0.0114105
0.0104818
0.0105223
0.0105627
0.0106032
0.0106436
0.0106841
0.0107245
0.010765
0.0108055
0.0108459
0.0108864
0.0109268
0.0109673
0.0110077
0.0110482
0.0110886
0.0111291
0.0111696
0.01121
0.0112505
0.0112909
0.0113314
0.0113718
0.0114123
0.0114528
0.0105235
0.0105639
0.0106044
0.0106448
0.0106853
0.0107257
0.0107662
0.0108067
0.0108471
0.0108876
0.010928
0.0109685
0.0110089
0.0110494
0.0110898
0.0111303
0.0111708
0.0112112
0.0112517
0.0112921
0.0113326
0.011373
0.0114135
0.011454
0.0114944
0.0105645
0.0106049
0.0106454
0.0106858
0.0107263
0.0107668
0.0108072
0.0108477
0.0108881
0.0109286
0.010969
0.0110095
0.01105
0.0110904
0.0111309
0.0111713
0.0112118
0.0112522
0.0112927
0.0113331
0.0113736
0.0114141
0.0114545
0.011495
0.0115354
0.0106049
0.0106453
0.0106858
0.0107262
0.0107667
0.0108071
0.0108476
0.010888
0.0109285
0.010969
0.0110094
0.0110499
0.0110903
0.0111308
0.0111712
0.0112117
0.0112522
0.0112926
0.0113331
0.0113735
0.011414
0.0114544
0.0114949
0.0115353
0.0115758
0.0106446
0.0106851
0.0107255
0.010766
0.0108064
0.0108469
0.0108873
0.0109278
0.0109682
0.0110087
0.0110492
0.0110896
0.0111301
0.0111705
0.011211
0.0112514
0.0112919
0.0113324
0.0113728
0.0114133
0.0114537
0.0114942
0.0115346
0.0115751
0.0116155
0.0106837
0.0107242
0.0107646
0.0108051
0.0108455
0.010886
0.0109264
0.0109669
0.0110073
0.0110478
0.0110883
0.0111287
0.0111692
0.0112096
0.0112501
0.0112905
0.011331
0.0113715
0.0114119
0.0114524
0.0114928
0.0115333
0.0115737
0.0116142
0.0116546
0.0107221
0.0107626
0.0108031
0.0108435
0.010884
0.0109244
0.0109649
0.0110053
0.0110458
0.0110863
0.0111267
0.0111672
0.0112076
0.0112481
0.0112885
0.011329
0.0113694
0.0114099
0.0114504
0.0114908
0.0115313
0.0115717
0.0116122
0.0116526
0.0116931
0.0117336
0.01076
0.0108004
0.0108409
0.0108813
0.0109218
0.0109622
0.0110027
0.0110431
0.0110836
0.0111241
0.0111645
0.011205
0.0112454
0.0112859
0.0113263
0.0113668
0.0114073
0.0114477
0.0114882
0.0115286
0.0115691
0.0116095
0.01165
0.0116904
0.0117309
0.0117714
0.0108376
0.010878
0.0109185
0.0109589
0.0109994
0.0110398
0.0110803
0.0111208
0.0111612
0.0112017
0.0112421
0.0112826
0.011323
0.0113635
0.011404
0.0114444
0.0114849
0.0115253
0.0115658
0.0116062
0.0116467
0.0116871
0.0117276
0.0117681
0.0118085
0.0108741
0.0109145
0.010955
0.0109954
0.0110359
0.0110764
0.0111168
0.0111573
0.0111977
0.0112382
0.0112786
0.0113191
0.0113595
0.0114
0.0114405
0.0114809
0.0115214
0.0115618
0.0116023
0.0116427
0.0116832
0.0117237
0.0117641
0.0118046
0.011845
0.0109099
0.0109504
0.0109908
0.0110313
0.0110717
0.0111122
0.0111527
0.0111931
0.0112336
0.011274
0.0113145
0.0113549
0.0113954
0.0114359
0.0114763
0.0115168
0.0115572
0.0115977
0.0116381
0.0116786
0.011719
0.0117595
0.0118
0.0118404
0.0118809
0.0109451
0.0109856
0.011026
0.0110665
0.0111069
0.0111474
0.0111879
0.0112283
0.0112688
0.0113092
0.0113497
0.0113901
0.0114306
0.011471
0.0115115
0.011552
0.0115924
0.0116329
0.0116733
0.0117138
0.0117542
0.0117947
0.0118352
0.0118756
0.0119161
0.0119565
0.0109797
0.0110201
0.0110606
0.011101
0.0111415
0.0111819
0.0112224
0.0112628
0.0113033
0.0113438
0.0113842
0.0114247
0.0114651
0.0115056
0.011546
0.0115865
0.0116269
0.0116674
0.0117079
0.0117483
0.0117888
0.0118292
0.0118697
0.0119101
0.0119506
0.0119911
0.011054
0.0110944
0.0111349
0.0111753
0.0112158
0.0112563
0.0112967
0.0113372
0.0113776
0.0114181
0.0114585
0.011499
0.0115395
0.0115799
0.0116204
0.0116608
0.0117013
0.0117417
0.0117822
0.0118226
0.0118631
0.0119036
0.011944
0.0119845
0.0120249
0.0110872
0.0111276
0.0111681
0.0112086
0.011249
0.0112895
0.0113299
0.0113704
0.0114108
0.0114513
0.0114917
0.0115322
0.0115727
0.0116131
0.0116536
0.011694
0.0117345
0.0117749
0.0118154
0.0118559
0.0118963
0.0119368
0.0119772
0.0120177
0.0120581
0.0111197
0.0111602
0.0112006
0.0112411
0.0112816
0.011322
0.0113625
0.0114029
0.0114434
0.0114838
0.0115243
0.0115647
0.0116052
0.0116457
0.0116861
0.0117266
0.011767
0.0118075
0.0118479
0.0118884
0.0119289
0.0119693
0.0120098
0.0120502
0.0120907
0.0121311
0.0111516
0.0111921
0.0112325
0.011273
0.0113134
0.0113539
0.0113943
0.0114348
0.0114752
0.0115157
0.0115562
0.0115966
0.0116371
0.0116775
0.011718
0.0117584
0.0117989
0.0118394
0.0118798
0.0119203
0.0119607
0.0120012
0.0120416
0.0120821
0.0121225
0.012163
0.0112233
0.0112637
0.0113042
0.0113446
0.0113851
0.0114255
0.011466
0.0115064
0.0115469
0.0115874
0.0116278
0.0116683
0.0117087
0.0117492
0.0117896
0.0118301
0.0118706
0.011911
0.0119515
0.0119919
0.0120324
0.0120728
0.0121133
0.0121537
0.0121942
0.0112538
0.0112942
0.0113347
0.0113751
0.0114156
0.0114561
0.0114965
0.011537
0.0115774
0.0116179
0.0116583
0.0116988
0.0117393
0.0117797
0.0118202
0.0118606
0.0119011
0.0119415
0.011982
0.0120224
0.0120629
0.0121034
0.0121438
0.0121843
0.0122247
0.0122652
0.0112836
0.0113241
0.0113645
0.011405
0.0114455
0.0114859
0.0115264
0.0115668
0.0116073
0.0116477
0.0116882
0.0117286
0.0117691
0.0118096
0.01185
0.0118905
0.0119309
0.0119714
0.0120118
0.0120523
0.0120928
0.0121332
0.0121737
0.0122141
0.0122546
0.012295
0.0113533
0.0113937
0.0114342
0.0114746
0.0115151
0.0115555
0.011596
0.0116364
0.0116769
0.0117174
0.0117578
0.0117983
0.0118387
0.0118792
0.0119196
0.0119601
0.0120006
0.012041
0.0120815
0.0121219
0.0121624
0.0122028
0.0122433
0.0122837
0.0123242
0.0113817
0.0114222
0.0114627
0.0115031
0.0115436
0.011584
0.0116245
0.0116649
0.0117054
0.0117458
0.0117863
0.0118268
0.0118672
0.0119077
0.0119481
0.0119886
0.012029
0.0120695
0.01211
0.0121504
0.0121909
0.0122313
0.0122718
0.0123122
0.0123527
0.0123931
0.0114095
0.01145
0.0114905
0.0115309
0.0115714
0.0116118
0.0116523
0.0116927
0.0117332
0.0117737
0.0118141
0.0118546
0.011895
0.0119355
0.0119759
0.0120164
0.0120568
0.0120973
0.0121378
0.0121782
0.0122187
0.0122591
0.0122996
0.01234
0.0123805
0.012421
0.0114771
0.0115176
0.011558
0.0115985
0.0116389
0.0116794
0.0117199
0.0117603
0.0118008
0.0118412
0.0118817
0.0119221
0.0119626
0.012003
0.0120435
0.012084
0.0121244
0.0121649
0.0122053
0.0122458
0.0122862
0.0123267
0.0123672
0.0124076
0.0124481
0.0124885
0.0115035
0.011544
0.0115845
0.0116249
0.0116654
0.0117058
0.0117463
0.0117867
0.0118272
0.0118677
0.0119081
0.0119486
0.011989
0.0120295
0.0120699
0.0121104
0.0121508
0.0121913
0.0122318
0.0122722
0.0123127
0.0123531
0.0123936
0.012434
0.0124745
0.012515
0.0115293
0.0115697
0.0116102
0.0116507
0.0116911
0.0117316
0.011772
0.0118125
0.0118529
0.0118934
0.0119338
0.0119743
0.0120148
0.0120552
0.0120957
0.0121361
0.0121766
0.012217
0.0122575
0.012298
0.0123384
0.0123789
0.0124193
0.0124598
0.0125002
0.0125407
0.0125811
0.0115948
0.0116352
0.0116757
0.0117161
0.0117566
0.0117971
0.0118375
0.011878
0.0119184
0.0119589
0.0119993
0.0120398
0.0120803
0.0121207
0.0121612
0.0122016
0.0122421
0.0122825
0.012323
0.0123635
0.0124039
0.0124444
0.0124848
0.0125253
0.0125657
0.0126062
0.0116191
0.0116596
0.0117
0.0117405
0.011781
0.0118214
0.0118619
0.0119023
0.0119428
0.0119832
0.0120237
0.0120641
0.0121046
0.0121451
0.0121855
0.012226
0.0122664
0.0123069
0.0123473
0.0123878
0.0124283
0.0124687
0.0125092
0.0125496
0.0125901
0.0126305
0.012671
0.0116832
0.0117237
0.0117641
0.0118046
0.0118451
0.0118855
0.011926
0.0119664
0.0120069
0.0120473
0.0120878
0.0121282
0.0121687
0.0122092
0.0122496
0.0122901
0.0123305
0.012371
0.0124114
0.0124519
0.0124924
0.0125328
0.0125733
0.0126137
0.0126542
0.0126946
0.0117062
0.0117466
0.0117871
0.0118275
0.011868
0.0119085
0.0119489
0.0119894
0.0120298
0.0120703
0.0121107
0.0121512
0.0121917
0.0122321
0.0122726
0.012313
0.0123535
0.0123939
0.0124344
0.0124748
0.0125153
0.0125558
0.0125962
0.0126367
0.0126771
0.0127176
0.012758
0.0117689
0.0118093
0.0118498
0.0118902
0.0119307
0.0119712
0.0120116
0.0120521
0.0120925
0.012133
0.0121734
0.0122139
0.0122543
0.0122948
0.0123353
0.0123757
0.0124162
0.0124566
0.0124971
0.0125375
0.012578
0.0126185
0.0126589
0.0126994
0.0127398
0.0127803
0.0117904
0.0118309
0.0118713
0.0119118
0.0119522
0.0119927
0.0120331
0.0120736
0.0121141
0.0121545
0.012195
0.0122354
0.0122759
0.0123163
0.0123568
0.0123973
0.0124377
0.0124782
0.0125186
0.0125591
0.0125995
0.01264
0.0126804
0.0127209
0.0127614
0.0128018
0.0128423
0.0118517
0.0118921
0.0119326
0.0119731
0.0120135
0.012054
0.0120944
0.0121349
0.0121753
0.0122158
0.0122563
0.0122967
0.0123372
0.0123776
0.0124181
0.0124585
0.012499
0.0125394
0.0125799
0.0126204
0.0126608
0.0127013
0.0127417
0.0127822
0.0128226
0.0128631
0.0118718
0.0119123
0.0119527
0.0119932
0.0120336
0.0120741
0.0121145
0.012155
0.0121955
0.0122359
0.0122764
0.0123168
0.0123573
0.0123977
0.0124382
0.0124787
0.0125191
0.0125596
0.0126
0.0126405
0.0126809
0.0127214
0.0127618
0.0128023
0.0128428
0.0128832
0.0129237
0.0119317
0.0119721
0.0120126
0.012053
0.0120935
0.0121339
0.0121744
0.0122149
0.0122553
0.0122958
0.0123362
0.0123767
0.0124171
0.0124576
0.0124981
0.0125385
0.012579
0.0126194
0.0126599
0.0127003
0.0127408
0.0127812
0.0128217
0.0128622
0.0129026
0.0129431
0.0129835
0.0119908
0.0120313
0.0120717
0.0121122
0.0121526
0.0121931
0.0122335
0.012274
0.0123145
0.0123549
0.0123954
0.0124358
0.0124763
0.0125167
0.0125572
0.0125977
0.0126381
0.0126786
0.012719
0.0127595
0.0127999
0.0128404
0.0128808
0.0129213
0.0129618
0.0130022
0.0120088
0.0120492
0.0120897
0.0121301
0.0121706
0.0122111
0.0122515
0.012292
0.0123324
0.0123729
0.0124133
0.0124538
0.0124942
0.0125347
0.0125752
0.0126156
0.0126561
0.0126965
0.012737
0.0127774
0.0128179
0.0128584
0.0128988
0.0129393
0.0129797
0.0130202
0.0130606
0.0120665
0.0121069
0.0121474
0.0121878
0.0122283
0.0122688
0.0123092
0.0123497
0.0123901
0.0124306
0.012471
0.0125115
0.0125519
0.0125924
0.0126329
0.0126733
0.0127138
0.0127542
0.0127947
0.0128351
0.0128756
0.0129161
0.0129565
0.012997
0.0130374
0.0130779
0.0131183
0.012083
0.0121235
0.0121639
0.0122044
0.0122448
0.0122853
0.0123257
0.0123662
0.0124066
0.0124471
0.0124876
0.012528
0.0125685
0.0126089
0.0126494
0.0126898
0.0127303
0.0127708
0.0128112
0.0128517
0.0128921
0.0129326
0.012973
0.0130135
0.0130539
0.0130944
0.0131349
0.0121392
0.0121797
0.0122202
0.0122606
0.0123011
0.0123415
0.012382
0.0124224
0.0124629
0.0125034
0.0125438
0.0125843
0.0126247
0.0126652
0.0127056
0.0127461
0.0127865
0.012827
0.0128675
0.0129079
0.0129484
0.0129888
0.0130293
0.0130697
0.0131102
0.0131507
0.0131911
0.0121948
0.0122352
0.0122757
0.0123161
0.0123566
0.0123971
0.0124375
0.012478
0.0125184
0.0125589
0.0125993
0.0126398
0.0126802
0.0127207
0.0127612
0.0128016
0.0128421
0.0128825
0.012923
0.0129634
0.0130039
0.0130444
0.0130848
0.0131253
0.0131657
0.0132062
0.0132466
0.0122496
0.01229
0.0123305
0.0123709
0.0124114
0.0124518
0.0124923
0.0125328
0.0125732
0.0126137
0.0126541
0.0126946
0.012735
0.0127755
0.012816
0.0128564
0.0128969
0.0129373
0.0129778
0.0130182
0.0130587
0.0130991
0.0131396
0.0131801
0.0132205
0.013261
0.0122632
0.0123036
0.0123441
0.0123845
0.012425
0.0124654
0.0125059
0.0125464
0.0125868
0.0126273
0.0126677
0.0127082
0.0127486
0.0127891
0.0128296
0.01287
0.0129105
0.0129509
0.0129914
0.0130318
0.0130723
0.0131127
0.0131532
0.0131937
0.0132341
0.0132746
0.013315
0.0123165
0.0123569
0.0123974
0.0124379
0.0124783
0.0125188
0.0125592
0.0125997
0.0126401
0.0126806
0.0127211
0.0127615
0.012802
0.0128424
0.0128829
0.0129233
0.0129638
0.0130042
0.0130447
0.0130852
0.0131256
0.0131661
0.0132065
0.013247
0.0132874
0.0133279
0.0133684
0.0123691
0.0124095
0.01245
0.0124904
0.0125309
0.0125714
0.0126118
0.0126523
0.0126927
0.0127332
0.0127736
0.0128141
0.0128545
0.012895
0.0129355
0.0129759
0.0130164
0.0130568
0.0130973
0.0131377
0.0131782
0.0132187
0.0132591
0.0132996
0.01334
0.0133805
0.0134209
0.0124209
0.0124614
0.0125018
0.0125423
0.0125827
0.0126232
0.0126637
0.0127041
0.0127446
0.012785
0.0128255
0.0128659
0.0129064
0.0129468
0.0129873
0.0130278
0.0130682
0.0131087
0.0131491
0.0131896
0.01323
0.0132705
0.013311
0.0133514
0.0133919
0.0134323
0.0134728
0.0124316
0.012472
0.0125125
0.0125529
0.0125934
0.0126338
0.0126743
0.0127148
0.0127552
0.0127957
0.0128361
0.0128766
0.012917
0.0129575
0.0129979
0.0130384
0.0130789
0.0131193
0.0131598
0.0132002
0.0132407
0.0132811
0.0133216
0.0133621
0.0134025
0.013443
0.0134834
0.0124819
0.0125224
0.0125628
0.0126033
0.0126437
0.0126842
0.0127246
0.0127651
0.0128056
0.012846
0.0128865
0.0129269
0.0129674
0.0130078
0.0130483
0.0130888
0.0131292
0.0131697
0.0132101
0.0132506
0.013291
0.0133315
0.013372
0.0134124
0.0134529
0.0134933
0.0135338
0.0125315
0.012572
0.0126124
0.0126529
0.0126933
0.0127338
0.0127743
0.0128147
0.0128552
0.0128956
0.0129361
0.0129765
0.013017
0.0130575
0.0130979
0.0131384
0.0131788
0.0132193
0.0132597
0.0133002
0.0133406
0.0133811
0.0134216
0.013462
0.0135025
0.0135429
0.0135834
0.0125804
0.0126208
0.0126613
0.0127017
0.0127422
0.0127827
0.0128231
0.0128636
0.012904
0.0129445
0.0129849
0.0130254
0.0130658
0.0131063
0.0131468
0.0131872
0.0132277
0.0132681
0.0133086
0.013349
0.0133895
0.01343
0.0134704
0.0135109
0.0135513
0.0135918
0.0136322
0.0126285
0.0126689
0.0127094
0.0127498
0.0127903
0.0128308
0.0128712
0.0129117
0.0129521
0.0129926
0.013033
0.0130735
0.013114
0.0131544
0.0131949
0.0132353
0.0132758
0.0133162
0.0133567
0.0133971
0.0134376
0.0134781
0.0135185
0.013559
0.0135994
0.0136399
0.0136803
0.0126758
0.0127163
0.0127567
0.0127972
0.0128376
0.0128781
0.0129186
0.012959
0.0129995
0.0130399
0.0130804
0.0131208
0.0131613
0.0132018
0.0132422
0.0132827
0.0133231
0.0133636
0.013404
0.0134445
0.0134849
0.0135254
0.0135659
0.0136063
0.0136468
0.0136872
0.0137277
0.0126819
0.0127224
0.0127629
0.0128033
0.0128438
0.0128842
0.0129247
0.0129651
0.0130056
0.0130461
0.0130865
0.013127
0.0131674
0.0132079
0.0132483
0.0132888
0.0133293
0.0133697
0.0134102
0.0134506
0.0134911
0.0135315
0.013572
0.0136124
0.0136529
0.0136934
0.0137338
0.0137743
0.0127278
0.0127682
0.0128087
0.0128491
0.0128896
0.0129301
0.0129705
0.013011
0.0130514
0.0130919
0.0131323
0.0131728
0.0132133
0.0132537
0.0132942
0.0133346
0.0133751
0.0134155
0.013456
0.0134965
0.0135369
0.0135774
0.0136178
0.0136583
0.0136987
0.0137392
0.0137796
0.0138201
0.0127728
0.0128133
0.0128538
0.0128942
0.0129347
0.0129751
0.0130156
0.013056
0.0130965
0.0131369
0.0131774
0.0132179
0.0132583
0.0132988
0.0133392
0.0133797
0.0134201
0.0134606
0.0135011
0.0135415
0.013582
0.0136224
0.0136629
0.0137033
0.0137438
0.0137843
0.0138247
0.0138652
0.0128171
0.0128576
0.0128981
0.0129385
0.012979
0.0130194
0.0130599
0.0131003
0.0131408
0.0131812
0.0132217
0.0132622
0.0133026
0.0133431
0.0133835
0.013424
0.0134644
0.0135049
0.0135454
0.0135858
0.0136263
0.0136667
0.0137072
0.0137476
0.0137881
0.0138286
0.013869
0.0139095
0.0128607
0.0129011
0.0129416
0.012982
0.0130225
0.013063
0.0131034
0.0131439
0.0131843
0.0132248
0.0132652
0.0133057
0.0133461
0.0133866
0.0134271
0.0134675
0.013508
0.0135484
0.0135889
0.0136293
0.0136698
0.0137103
0.0137507
0.0137912
0.0138316
0.0138721
0.0139125
0.013953
0.0129034
0.0129439
0.0129843
0.0130248
0.0130653
0.0131057
0.0131462
0.0131866
0.0132271
0.0132675
0.013308
0.0133484
0.0133889
0.0134294
0.0134698
0.0135103
0.0135507
0.0135912
0.0136316
0.0136721
0.0137126
0.013753
0.0137935
0.0138339
0.0138744
0.0139148
0.0139553
0.0139958
0.0129454
0.0129859
0.0130263
0.0130668
0.0131072
0.0131477
0.0131882
0.0132286
0.0132691
0.0133095
0.01335
0.0133904
0.0134309
0.0134713
0.0135118
0.0135523
0.0135927
0.0136332
0.0136736
0.0137141
0.0137545
0.013795
0.0138355
0.0138759
0.0139164
0.0139568
0.0139973
0.0140377
0.0129866
0.0130271
0.0130675
0.013108
0.0131485
0.0131889
0.0132294
0.0132698
0.0133103
0.0133507
0.0133912
0.0134316
0.0134721
0.0135126
0.013553
0.0135935
0.0136339
0.0136744
0.0137148
0.0137553
0.0137958
0.0138362
0.0138767
0.0139171
0.0139576
0.013998
0.0140385
0.014079
0.0130271
0.0130675
0.013108
0.0131484
0.0131889
0.0132293
0.0132698
0.0133103
0.0133507
0.0133912
0.0134316
0.0134721
0.0135125
0.013553
0.0135935
0.0136339
0.0136744
0.0137148
0.0137553
0.0137957
0.0138362
0.0138766
0.0139171
0.0139576
0.013998
0.0140385
0.0140789
0.0141194
0.0130667
0.0131072
0.0131476
0.0131881
0.0132285
0.013269
0.0133094
0.0133499
0.0133904
0.0134308
0.0134713
0.0135117
0.0135522
0.0135926
0.0136331
0.0136736
0.013714
0.0137545
0.0137949
0.0138354
0.0138758
0.0139163
0.0139568
0.0139972
0.0140377
0.0140781
0.0141186
0.014159
0.013146
0.0131865
0.0132269
0.0132674
0.0133079
0.0133483
0.0133888
0.0134292
0.0134697
0.0135101
0.0135506
0.0135911
0.0136315
0.013672
0.0137124
0.0137529
0.0137933
0.0138338
0.0138743
0.0139147
0.0139552
0.0139956
0.0140361
0.0140765
0.014117
0.0141575
0.0141979
0.0131841
0.0132246
0.013265
0.0133055
0.0133459
0.0133864
0.0134269
0.0134673
0.0135078
0.0135482
0.0135887
0.0136291
0.0136696
0.0137101
0.0137505
0.013791
0.0138314
0.0138719
0.0139123
0.0139528
0.0139933
0.0140337
0.0140742
0.0141146
0.0141551
0.0141955
0.014236
0.0142764
0.0132214
0.0132619
0.0133023
0.0133428
0.0133832
0.0134237
0.0134642
0.0135046
0.0135451
0.0135855
0.013626
0.0136664
0.0137069
0.0137474
0.0137878
0.0138283
0.0138687
0.0139092
0.0139496
0.0139901
0.0140305
0.014071
0.0141115
0.0141519
0.0141924
0.0142328
0.0142733
0.0143137
0.0132579
0.0132984
0.0133388
0.0133793
0.0134197
0.0134602
0.0135007
0.0135411
0.0135816
0.013622
0.0136625
0.0137029
0.0137434
0.0137839
0.0138243
0.0138648
0.0139052
0.0139457
0.0139861
0.0140266
0.0140671
0.0141075
0.014148
0.0141884
0.0142289
0.0142693
0.0143098
0.0143503
0.0132936
0.0133341
0.0133745
0.013415
0.0134555
0.0134959
0.0135364
0.0135768
0.0136173
0.0136577
0.0136982
0.0137387
0.0137791
0.0138196
0.01386
0.0139005
0.0139409
0.0139814
0.0140219
0.0140623
0.0141028
0.0141432
0.0141837
0.0142241
0.0142646
0.0143051
0.0143455
0.014386
0.0133286
0.013369
0.0134095
0.0134499
0.0134904
0.0135308
0.0135713
0.0136118
0.0136522
0.0136927
0.0137331
0.0137736
0.013814
0.0138545
0.0138949
0.0139354
0.0139759
0.0140163
0.0140568
0.0140972
0.0141377
0.0141781
0.0142186
0.0142591
0.0142995
0.01434
0.0143804
0.0144209
0.0134031
0.0134436
0.013484
0.0135245
0.013565
0.0136054
0.0136459
0.0136863
0.0137268
0.0137672
0.0138077
0.0138482
0.0138886
0.0139291
0.0139695
0.01401
0.0140504
0.0140909
0.0141314
0.0141718
0.0142123
0.0142527
0.0142932
0.0143336
0.0143741
0.0144145
0.014455
0.0144955
0.0134365
0.0134769
0.0135174
0.0135578
0.0135983
0.0136387
0.0136792
0.0137196
0.0137601
0.0138006
0.013841
0.0138815
0.0139219
0.0139624
0.0140028
0.0140433
0.0140838
0.0141242
0.0141647
0.0142051
0.0142456
0.014286
0.0143265
0.014367
0.0144074
0.0144479
0.0144883
0.0145288
0.013469
0.0135094
0.0135499
0.0135903
0.0136308
0.0136713
0.0137117
0.0137522
0.0137926
0.0138331
0.0138735
0.013914
0.0139544
0.0139949
0.0140354
0.0140758
0.0141163
0.0141567
0.0141972
0.0142376
0.0142781
0.0143186
0.014359
0.0143995
0.0144399
0.0144804
0.0145208
0.0145613
0.0135007
0.0135411
0.0135816
0.0136221
0.0136625
0.013703
0.0137434
0.0137839
0.0138243
0.0138648
0.0139052
0.0139457
0.0139862
0.0140266
0.0140671
0.0141075
0.014148
0.0141884
0.0142289
0.0142694
0.0143098
0.0143503
0.0143907
0.0144312
0.0144716
0.0145121
0.0145526
0.014593
0.0146335
0.013572
0.0136125
0.013653
0.0136934
0.0137339
0.0137743
0.0138148
0.0138552
0.0138957
0.0139362
0.0139766
0.0140171
0.0140575
0.014098
0.0141384
0.0141789
0.0142194
0.0142598
0.0143003
0.0143407
0.0143812
0.0144216
0.0144621
0.0145025
0.014543
0.0145835
0.0146239
0.0146644
0.0136021
0.0136426
0.0136831
0.0137235
0.013764
0.0138044
0.0138449
0.0138853
0.0139258
0.0139662
0.0140067
0.0140472
0.0140876
0.0141281
0.0141685
0.014209
0.0142494
0.0142899
0.0143304
0.0143708
0.0144113
0.0144517
0.0144922
0.0145326
0.0145731
0.0146136
0.014654
0.0146945
0.0136314
0.0136719
0.0137123
0.0137528
0.0137932
0.0138337
0.0138742
0.0139146
0.0139551
0.0139955
0.014036
0.0140764
0.0141169
0.0141574
0.0141978
0.0142383
0.0142787
0.0143192
0.0143596
0.0144001
0.0144406
0.014481
0.0145215
0.0145619
0.0146024
0.0146428
0.0146833
0.0147238
0.0147642
0.0137003
0.0137408
0.0137813
0.0138217
0.0138622
0.0139026
0.0139431
0.0139835
0.014024
0.0140645
0.0141049
0.0141454
0.0141858
0.0142263
0.0142667
0.0143072
0.0143477
0.0143881
0.0144286
0.014469
0.0145095
0.0145499
0.0145904
0.0146308
0.0146713
0.0147118
0.0147522
0.0147927
0.013728
0.0137684
0.0138089
0.0138494
0.0138898
0.0139303
0.0139707
0.0140112
0.0140516
0.0140921
0.0141326
0.014173
0.0142135
0.0142539
0.0142944
0.0143348
0.0143753
0.0144158
0.0144562
0.0144967
0.0145371
0.0145776
0.014618
0.0146585
0.014699
0.0147394
0.0147799
0.0148203
0.0137548
0.0137953
0.0138357
0.0138762
0.0139166
0.0139571
0.0139976
0.014038
0.0140785
0.0141189
0.0141594
0.0141998
0.0142403
0.0142808
0.0143212
0.0143617
0.0144021
0.0144426
0.014483
0.0145235
0.014564
0.0146044
0.0146449
0.0146853
0.0147258
0.0147662
0.0148067
0.0148472
0.0148876
0.0138213
0.0138617
0.0139022
0.0139427
0.0139831
0.0140236
0.014064
0.0141045
0.0141449
0.0141854
0.0142259
0.0142663
0.0143068
0.0143472
0.0143877
0.0144281
0.0144686
0.0145091
0.0145495
0.01459
0.0146304
0.0146709
0.0147113
0.0147518
0.0147922
0.0148327
0.0148732
0.0149136
0.0138465
0.0138869
0.0139274
0.0139678
0.0140083
0.0140488
0.0140892
0.0141297
0.0141701
0.0142106
0.014251
0.0142915
0.014332
0.0143724
0.0144129
0.0144533
0.0144938
0.0145342
0.0145747
0.0146151
0.0146556
0.0146961
0.0147365
0.014777
0.0148174
0.0148579
0.0148983
0.0149388
0.0149793
0.0139113
0.0139517
0.0139922
0.0140327
0.0140731
0.0141136
0.014154
0.0141945
0.0142349
0.0142754
0.0143158
0.0143563
0.0143968
0.0144372
0.0144777
0.0145181
0.0145586
0.014599
0.0146395
0.01468
0.0147204
0.0147609
0.0148013
0.0148418
0.0148822
0.0149227
0.0149632
0.0150036
0.0139348
0.0139753
0.0140157
0.0140562
0.0140966
0.0141371
0.0141775
0.014218
0.0142585
0.0142989
0.0143394
0.0143798
0.0144203
0.0144607
0.0145012
0.0145417
0.0145821
0.0146226
0.014663
0.0147035
0.0147439
0.0147844
0.0148249
0.0148653
0.0149058
0.0149462
0.0149867
0.0150271
0.0150676
0.013998
0.0140384
0.0140789
0.0141193
0.0141598
0.0142002
0.0142407
0.0142812
0.0143216
0.0143621
0.0144025
0.014443
0.0144834
0.0145239
0.0145644
0.0146048
0.0146453
0.0146857
0.0147262
0.0147666
0.0148071
0.0148475
0.014888
0.0149285
0.0149689
0.0150094
0.0150498
0.0150903
0.0140198
0.0140603
0.0141007
0.0141412
0.0141816
0.0142221
0.0142626
0.014303
0.0143435
0.0143839
0.0144244
0.0144648
0.0145053
0.0145458
0.0145862
0.0146267
0.0146671
0.0147076
0.014748
0.0147885
0.0148289
0.0148694
0.0149099
0.0149503
0.0149908
0.0150312
0.0150717
0.0151121
0.0151526
0.0140813
0.0141217
0.0141622
0.0142027
0.0142431
0.0142836
0.014324
0.0143645
0.0144049
0.0144454
0.0144859
0.0145263
0.0145668
0.0146072
0.0146477
0.0146881
0.0147286
0.0147691
0.0148095
0.01485
0.0148904
0.0149309
0.0149713
0.0150118
0.0150523
0.0150927
0.0151332
0.0151736
0.0141015
0.0141419
0.0141824
0.0142228
0.0142633
0.0143038
0.0143442
0.0143847
0.0144251
0.0144656
0.014506
0.0145465
0.014587
0.0146274
0.0146679
0.0147083
0.0147488
0.0147892
0.0148297
0.0148702
0.0149106
0.0149511
0.0149915
0.015032
0.0150724
0.0151129
0.0151533
0.0151938
0.0152343
0.0141613
0.0142017
0.0142422
0.0142826
0.0143231
0.0143636
0.014404
0.0144445
0.0144849
0.0145254
0.0145658
0.0146063
0.0146468
0.0146872
0.0147277
0.0147681
0.0148086
0.014849
0.0148895
0.0149299
0.0149704
0.0150109
0.0150513
0.0150918
0.0151322
0.0151727
0.0152131
0.0152536
0.0152941
0.0141798
0.0142202
0.0142607
0.0143011
0.0143416
0.014382
0.0144225
0.014463
0.0145034
0.0145439
0.0145843
0.0146248
0.0146652
0.0147057
0.0147462
0.0147866
0.0148271
0.0148675
0.014908
0.0149484
0.0149889
0.0150294
0.0150698
0.0151103
0.0151507
0.0151912
0.0152316
0.0152721
0.0153126
0.0142379
0.0142783
0.0143188
0.0143592
0.0143997
0.0144402
0.0144806
0.0145211
0.0145615
0.014602
0.0146424
0.0146829
0.0147233
0.0147638
0.0148043
0.0148447
0.0148852
0.0149256
0.0149661
0.0150065
0.015047
0.0150875
0.0151279
0.0151684
0.0152088
0.0152493
0.0152897
0.0153302
0.0153707
0.0142951
0.0143356
0.014376
0.0144165
0.0144569
0.0144974
0.0145379
0.0145783
0.0146188
0.0146592
0.0146997
0.0147401
0.0147806
0.0148211
0.0148615
0.014902
0.0149424
0.0149829
0.0150233
0.0150638
0.0151043
0.0151447
0.0151852
0.0152256
0.0152661
0.0153065
0.015347
0.0153875
0.0154279
0.0143111
0.0143515
0.014392
0.0144324
0.0144729
0.0145134
0.0145538
0.0145943
0.0146347
0.0146752
0.0147156
0.0147561
0.0147965
0.014837
0.0148775
0.0149179
0.0149584
0.0149988
0.0150393
0.0150797
0.0151202
0.0151607
0.0152011
0.0152416
0.015282
0.0153225
0.0153629
0.0154034
0.0154439
0.0143666
0.0144071
0.0144475
0.014488
0.0145284
0.0145689
0.0146094
0.0146498
0.0146903
0.0147307
0.0147712
0.0148116
0.0148521
0.0148926
0.014933
0.0149735
0.0150139
0.0150544
0.0150948
0.0151353
0.0151758
0.0152162
0.0152567
0.0152971
0.0153376
0.015378
0.0154185
0.015459
0.0154994
0.0144213
0.0144618
0.0145022
0.0145427
0.0145831
0.0146236
0.014664
0.0147045
0.014745
0.0147854
0.0148259
0.0148663
0.0149068
0.0149472
0.0149877
0.0150282
0.0150686
0.0151091
0.0151495
0.01519
0.0152304
0.0152709
0.0153114
0.0153518
0.0153923
0.0154327
0.0154732
0.0155136
0.0155541
0.0144751
0.0145156
0.0145561
0.0145965
0.014637
0.0146774
0.0147179
0.0147583
0.0147988
0.0148392
0.0148797
0.0149202
0.0149606
0.0150011
0.0150415
0.015082
0.0151224
0.0151629
0.0152034
0.0152438
0.0152843
0.0153247
0.0153652
0.0154056
0.0154461
0.0154866
0.015527
0.0155675
0.0156079
0.0144876
0.0145281
0.0145686
0.014609
0.0146495
0.0146899
0.0147304
0.0147708
0.0148113
0.0148518
0.0148922
0.0149327
0.0149731
0.0150136
0.015054
0.0150945
0.015135
0.0151754
0.0152159
0.0152563
0.0152968
0.0153372
0.0153777
0.0154182
0.0154586
0.0154991
0.0155395
0.01558
0.0156204
0.0145398
0.0145802
0.0146207
0.0146611
0.0147016
0.014742
0.0147825
0.014823
0.0148634
0.0149039
0.0149443
0.0149848
0.0150252
0.0150657
0.0151062
0.0151466
0.0151871
0.0152275
0.015268
0.0153084
0.0153489
0.0153894
0.0154298
0.0154703
0.0155107
0.0155512
0.0155916
0.0156321
0.0156725
0.014591
0.0146315
0.0146719
0.0147124
0.0147528
0.0147933
0.0148337
0.0148742
0.0149146
0.0149551
0.0149956
0.015036
0.0150765
0.0151169
0.0151574
0.0151978
0.0152383
0.0152788
0.0153192
0.0153597
0.0154001
0.0154406
0.015481
0.0155215
0.015562
0.0156024
0.0156429
0.0156833
0.0157238
0.0146414
0.0146818
0.0147223
0.0147627
0.0148032
0.0148436
0.0148841
0.0149246
0.014965
0.0150055
0.0150459
0.0150864
0.0151268
0.0151673
0.0152078
0.0152482
0.0152887
0.0153291
0.0153696
0.01541
0.0154505
0.015491
0.0155314
0.0155719
0.0156123
0.0156528
0.0156932
0.0157337
0.0157742
0.0146909
0.0147313
0.0147718
0.0148122
0.0148527
0.0148931
0.0149336
0.0149741
0.0150145
0.015055
0.0150954
0.0151359
0.0151763
0.0152168
0.0152573
0.0152977
0.0153382
0.0153786
0.0154191
0.0154595
0.0155
0.0155405
0.0155809
0.0156214
0.0156618
0.0157023
0.0157427
0.0157832
0.0158237
0.014699
0.0147395
0.0147799
0.0148204
0.0148609
0.0149013
0.0149418
0.0149822
0.0150227
0.0150631
0.0151036
0.0151441
0.0151845
0.015225
0.0152654
0.0153059
0.0153463
0.0153868
0.0154273
0.0154677
0.0155082
0.0155486
0.0155891
0.0156295
0.01567
0.0157104
0.0157509
0.0157914
0.0158318
0.0158723
0.0147468
0.0147872
0.0148277
0.0148681
0.0149086
0.0149491
0.0149895
0.01503
0.0150704
0.0151109
0.0151513
0.0151918
0.0152323
0.0152727
0.0153132
0.0153536
0.0153941
0.0154345
0.015475
0.0155155
0.0155559
0.0155964
0.0156368
0.0156773
0.0157177
0.0157582
0.0157987
0.0158391
0.0158796
0.01592
0.0147936
0.0148341
0.0148746
0.014915
0.0149555
0.0149959
0.0150364
0.0150768
0.0151173
0.0151578
0.0151982
0.0152387
0.0152791
0.0153196
0.01536
0.0154005
0.015441
0.0154814
0.0155219
0.0155623
0.0156028
0.0156432
0.0156837
0.0157241
0.0157646
0.0158051
0.0158455
0.015886
0.0159264
0.0159669
0.0148396
0.0148801
0.0149205
0.014961
0.0150015
0.0150419
0.0150824
0.0151228
0.0151633
0.0152037
0.0152442
0.0152847
0.0153251
0.0153656
0.015406
0.0154465
0.0154869
0.0155274
0.0155678
0.0156083
0.0156488
0.0156892
0.0157297
0.0157701
0.0158106
0.015851
0.0158915
0.015932
0.0159724
0.0160129
0.0148847
0.0149252
0.0149656
0.0150061
0.0150466
0.015087
0.0151275
0.0151679
0.0152084
0.0152488
0.0152893
0.0153298
0.0153702
0.0154107
0.0154511
0.0154916
0.015532
0.0155725
0.015613
0.0156534
0.0156939
0.0157343
0.0157748
0.0158152
0.0158557
0.0158961
0.0159366
0.0159771
0.0160175
0.016058
0.0149289
0.0149694
0.0150099
0.0150503
0.0150908
0.0151312
0.0151717
0.0152121
0.0152526
0.0152931
0.0153335
0.015374
0.0154144
0.0154549
0.0154953
0.0155358
0.0155763
0.0156167
0.0156572
0.0156976
0.0157381
0.0157785
0.015819
0.0158595
0.0158999
0.0159404
0.0159808
0.0160213
0.0160617
0.0161022
0.0149723
0.0150127
0.0150532
0.0150936
0.0151341
0.0151746
0.015215
0.0152555
0.0152959
0.0153364
0.0153768
0.0154173
0.0154577
0.0154982
0.0155387
0.0155791
0.0156196
0.01566
0.0157005
0.0157409
0.0157814
0.0158219
0.0158623
0.0159028
0.0159432
0.0159837
0.0160241
0.0160646
0.0161051
0.0161455
0.0150147
0.0150552
0.0150956
0.0151361
0.0151765
0.015217
0.0152574
0.0152979
0.0153384
0.0153788
0.0154193
0.0154597
0.0155002
0.0155406
0.0155811
0.0156216
0.015662
0.0157025
0.0157429
0.0157834
0.0158238
0.0158643
0.0159048
0.0159452
0.0159857
0.0160261
0.0160666
0.016107
0.0161475
0.016188
0.0150562
0.0150967
0.0151372
0.0151776
0.0152181
0.0152585
0.015299
0.0153394
0.0153799
0.0154204
0.0154608
0.0155013
0.0155417
0.0155822
0.0156226
0.0156631
0.0157036
0.015744
0.0157845
0.0158249
0.0158654
0.0159058
0.0159463
0.0159868
0.0160272
0.0160677
0.0161081
0.0161486
0.016189
0.0162295
0.0150969
0.0151373
0.0151778
0.0152183
0.0152587
0.0152992
0.0153396
0.0153801
0.0154205
0.015461
0.0155015
0.0155419
0.0155824
0.0156228
0.0156633
0.0157037
0.0157442
0.0157847
0.0158251
0.0158656
0.015906
0.0159465
0.0159869
0.0160274
0.0160679
0.0161083
0.0161488
0.0161892
0.0162297
0.0162701
0.0151366
0.0151771
0.0152175
0.015258
0.0152985
0.0153389
0.0153794
0.0154198
0.0154603
0.0155007
0.0155412
0.0155817
0.0156221
0.0156626
0.015703
0.0157435
0.0157839
0.0158244
0.0158649
0.0159053
0.0159458
0.0159862
0.0160267
0.0160671
0.0161076
0.0161481
0.0161885
0.016229
0.0162694
0.0163099
0.0151755
0.0152159
0.0152564
0.0152968
0.0153373
0.0153778
0.0154182
0.0154587
0.0154991
0.0155396
0.01558
0.0156205
0.015661
0.0157014
0.0157419
0.0157823
0.0158228
0.0158632
0.0159037
0.0159442
0.0159846
0.0160251
0.0160655
0.016106
0.0161464
0.0161869
0.0162274
0.0162678
0.0163083
0.0163487
0.0152134
0.0152539
0.0152943
0.0153348
0.0153752
0.0154157
0.0154562
0.0154966
0.0155371
0.0155775
0.015618
0.0156584
0.0156989
0.0157394
0.0157798
0.0158203
0.0158607
0.0159012
0.0159416
0.0159821
0.0160225
0.016063
0.0161035
0.0161439
0.0161844
0.0162248
0.0162653
0.0163057
0.0163462
0.0163867
0.0152909
0.0153314
0.0153718
0.0154123
0.0154527
0.0154932
0.0155336
0.0155741
0.0156146
0.015655
0.0156955
0.0157359
0.0157764
0.0158168
0.0158573
0.0158978
0.0159382
0.0159787
0.0160191
0.0160596
0.0161
0.0161405
0.016181
0.0162214
0.0162619
0.0163023
0.0163428
0.0163832
0.0164237
0.015327
0.0153675
0.0154079
0.0154484
0.0154889
0.0155293
0.0155698
0.0156102
0.0156507
0.0156911
0.0157316
0.0157721
0.0158125
0.015853
0.0158934
0.0159339
0.0159743
0.0160148
0.0160552
0.0160957
0.0161362
0.0161766
0.0162171
0.0162575
0.016298
0.0163384
0.0163789
0.0164194
0.0164598
0.0165003
0.0153622
0.0154027
0.0154431
0.0154836
0.0155241
0.0155645
0.015605
0.0156454
0.0156859
0.0157263
0.0157668
0.0158073
0.0158477
0.0158882
0.0159286
0.0159691
0.0160095
0.01605
0.0160905
0.0161309
0.0161714
0.0162118
0.0162523
0.0162927
0.0163332
0.0163737
0.0164141
0.0164546
0.016495
0.0165355
0.0153965
0.015437
0.0154774
0.0155179
0.0155584
0.0155988
0.0156393
0.0156797
0.0157202
0.0157606
0.0158011
0.0158416
0.015882
0.0159225
0.0159629
0.0160034
0.0160438
0.0160843
0.0161248
0.0161652
0.0162057
0.0162461
0.0162866
0.016327
0.0163675
0.016408
0.0164484
0.0164889
0.0165293
0.0165698
0.0154299
0.0154704
0.0155108
0.0155513
0.0155917
0.0156322
0.0156727
0.0157131
0.0157536
0.015794
0.0158345
0.0158749
0.0159154
0.0159559
0.0159963
0.0160368
0.0160772
0.0161177
0.0161581
0.0161986
0.0162391
0.0162795
0.01632
0.0163604
0.0164009
0.0164413
0.0164818
0.0165223
0.0165627
0.0166032
0.0155028
0.0155433
0.0155838
0.0156242
0.0156647
0.0157051
0.0157456
0.015786
0.0158265
0.015867
0.0159074
0.0159479
0.0159883
0.0160288
0.0160692
0.0161097
0.0161502
0.0161906
0.0162311
0.0162715
0.016312
0.0163524
0.0163929
0.0164334
0.0164738
0.0165143
0.0165547
0.0165952
0.0166356
0.0166761
0.0155344
0.0155748
0.0156153
0.0156558
0.0156962
0.0157367
0.0157771
0.0158176
0.015858
0.0158985
0.015939
0.0159794
0.0160199
0.0160603
0.0161008
0.0161412
0.0161817
0.0162222
0.0162626
0.0163031
0.0163435
0.016384
0.0164244
0.0164649
0.0165054
0.0165458
0.0165863
0.0166267
0.0166672
0.0167076
0.015565
0.0156055
0.0156459
0.0156864
0.0157268
0.0157673
0.0158077
0.0158482
0.0158887
0.0159291
0.0159696
0.01601
0.0160505
0.0160909
0.0161314
0.0161719
0.0162123
0.0162528
0.0162932
0.0163337
0.0163741
0.0164146
0.0164551
0.0164955
0.016536
0.0165764
0.0166169
0.0166573
0.0166978
0.0167383
0.0156351
0.0156756
0.0157161
0.0157565
0.015797
0.0158374
0.0158779
0.0159183
0.0159588
0.0159993
0.0160397
0.0160802
0.0161206
0.0161611
0.0162015
0.016242
0.0162825
0.0163229
0.0163634
0.0164038
0.0164443
0.0164847
0.0165252
0.0165657
0.0166061
0.0166466
0.016687
0.0167275
0.0167679
0.0168084
0.0156639
0.0157044
0.0157448
0.0157853
0.0158257
0.0158662
0.0159067
0.0159471
0.0159876
0.016028
0.0160685
0.0161089
0.0161494
0.0161899
0.0162303
0.0162708
0.0163112
0.0163517
0.0163921
0.0164326
0.0164731
0.0165135
0.016554
0.0165944
0.0166349
0.0166753
0.0167158
0.0167563
0.0167967
0.0168372
0.0156917
0.0157322
0.0157727
0.0158131
0.0158536
0.015894
0.0159345
0.0159749
0.0160154
0.0160559
0.0160963
0.0161368
0.0161772
0.0162177
0.0162581
0.0162986
0.0163391
0.0163795
0.01642
0.0164604
0.0165009
0.0165413
0.0165818
0.0166223
0.0166627
0.0167032
0.0167436
0.0167841
0.0168245
0.016865
0.0169055
0.0157591
0.0157996
0.01584
0.0158805
0.0159209
0.0159614
0.0160018
0.0160423
0.0160828
0.0161232
0.0161637
0.0162041
0.0162446
0.016285
0.0163255
0.016366
0.0164064
0.0164469
0.0164873
0.0165278
0.0165682
0.0166087
0.0166492
0.0166896
0.0167301
0.0167705
0.016811
0.0168514
0.0168919
0.0169324
0.0157851
0.0158255
0.015866
0.0159064
0.0159469
0.0159874
0.0160278
0.0160683
0.0161087
0.0161492
0.0161896
0.0162301
0.0162706
0.016311
0.0163515
0.0163919
0.0164324
0.0164728
0.0165133
0.0165538
0.0165942
0.0166347
0.0166751
0.0167156
0.016756
0.0167965
0.016837
0.0168774
0.0169179
0.0169583
0.0158505
0.015891
0.0159315
0.0159719
0.0160124
0.0160528
0.0160933
0.0161337
0.0161742
0.0162147
0.0162551
0.0162956
0.016336
0.0163765
0.0164169
0.0164574
0.0164979
0.0165383
0.0165788
0.0166192
0.0166597
0.0167001
0.0167406
0.0167811
0.0168215
0.016862
0.0169024
0.0169429
0.0169833
0.0170238
0.0158746
0.0159151
0.0159555
0.015996
0.0160365
0.0160769
0.0161174
0.0161578
0.0161983
0.0162387
0.0162792
0.0163197
0.0163601
0.0164006
0.016441
0.0164815
0.0165219
0.0165624
0.0166029
0.0166433
0.0166838
0.0167242
0.0167647
0.0168051
0.0168456
0.0168861
0.0169265
0.016967
0.0170074
0.0170479
0.0158978
0.0159382
0.0159787
0.0160191
0.0160596
0.0161001
0.0161405
0.016181
0.0162214
0.0162619
0.0163023
0.0163428
0.0163833
0.0164237
0.0164642
0.0165046
0.0165451
0.0165855
0.016626
0.0166665
0.0167069
0.0167474
0.0167878
0.0168283
0.0168687
0.0169092
0.0169497
0.0169901
0.0170306
0.017071
0.0171115
0.0159604
0.0160009
0.0160413
0.0160818
0.0161223
0.0161627
0.0162032
0.0162436
0.0162841
0.0163245
0.016365
0.0164055
0.0164459
0.0164864
0.0165268
0.0165673
0.0166077
0.0166482
0.0166887
0.0167291
0.0167696
0.01681
0.0168505
0.0168909
0.0169314
0.0169719
0.0170123
0.0170528
0.0170932
0.0171337
0.0160221
0.0160626
0.016103
0.0161435
0.016184
0.0162244
0.0162649
0.0163053
0.0163458
0.0163862
0.0164267
0.0164672
0.0165076
0.0165481
0.0165885
0.016629
0.0166694
0.0167099
0.0167504
0.0167908
0.0168313
0.0168717
0.0169122
0.0169526
0.0169931
0.0170336
0.017074
0.0171145
0.0171549
0.0171954
0.0160424
0.0160829
0.0161233
0.0161638
0.0162043
0.0162447
0.0162852
0.0163256
0.0163661
0.0164065
0.016447
0.0164875
0.0165279
0.0165684
0.0166088
0.0166493
0.0166897
0.0167302
0.0167707
0.0168111
0.0168516
0.016892
0.0169325
0.0169729
0.0170134
0.0170539
0.0170943
0.0171348
0.0171752
0.0172157
0.0172561
0.0161022
0.0161427
0.0161831
0.0162236
0.0162641
0.0163045
0.016345
0.0163854
0.0164259
0.0164663
0.0165068
0.0165473
0.0165877
0.0166282
0.0166686
0.0167091
0.0167495
0.01679
0.0168305
0.0168709
0.0169114
0.0169518
0.0169923
0.0170327
0.0170732
0.0171137
0.0171541
0.0171946
0.017235
0.0172755
0.0161206
0.0161611
0.0162015
0.016242
0.0162824
0.0163229
0.0163634
0.0164038
0.0164443
0.0164847
0.0165252
0.0165656
0.0166061
0.0166466
0.016687
0.0167275
0.0167679
0.0168084
0.0168488
0.0168893
0.0169298
0.0169702
0.0170107
0.0170511
0.0170916
0.017132
0.0171725
0.017213
0.0172534
0.0172939
0.0173343
0.0161785
0.016219
0.0162594
0.0162999
0.0163403
0.0163808
0.0164212
0.0164617
0.0165022
0.0165426
0.0165831
0.0166235
0.016664
0.0167044
0.0167449
0.0167854
0.0168258
0.0168663
0.0169067
0.0169472
0.0169876
0.0170281
0.0170686
0.017109
0.0171495
0.0171899
0.0172304
0.0172708
0.0173113
0.0173518
0.0173922
0.0162354
0.0162759
0.0163163
0.0163568
0.0163973
0.0164377
0.0164782
0.0165186
0.0165591
0.0165995
0.01664
0.0166805
0.0167209
0.0167614
0.0168018
0.0168423
0.0168827
0.0169232
0.0169637
0.0170041
0.0170446
0.017085
0.0171255
0.0171659
0.0172064
0.0172469
0.0172873
0.0173278
0.0173682
0.0174087
0.0162509
0.0162914
0.0163318
0.0163723
0.0164128
0.0164532
0.0164937
0.0165341
0.0165746
0.016615
0.0166555
0.016696
0.0167364
0.0167769
0.0168173
0.0168578
0.0168982
0.0169387
0.0169792
0.0170196
0.0170601
0.0171005
0.017141
0.0171814
0.0172219
0.0172624
0.0173028
0.0173433
0.0173837
0.0174242
0.0174646
0.0163059
0.0163464
0.0163868
0.0164273
0.0164678
0.0165082
0.0165487
0.0165891
0.0166296
0.01667
0.0167105
0.016751
0.0167914
0.0168319
0.0168723
0.0169128
0.0169532
0.0169937
0.0170342
0.0170746
0.0171151
0.0171555
0.017196
0.0172364
0.0172769
0.0173174
0.0173578
0.0173983
0.0174387
0.0174792
0.0175196
0.01636
0.0164004
0.0164409
0.0164813
0.0165218
0.0165622
0.0166027
0.0166432
0.0166836
0.0167241
0.0167645
0.016805
0.0168454
0.0168859
0.0169264
0.0169668
0.0170073
0.0170477
0.0170882
0.0171286
0.0171691
0.0172096
0.01725
0.0172905
0.0173309
0.0173714
0.0174118
0.0174523
0.0174928
0.0175332
0.0163726
0.016413
0.0164535
0.0164939
0.0165344
0.0165748
0.0166153
0.0166558
0.0166962
0.0167367
0.0167771
0.0168176
0.016858
0.0168985
0.016939
0.0169794
0.0170199
0.0170603
0.0171008
0.0171412
0.0171817
0.0172222
0.0172626
0.0173031
0.0173435
0.017384
0.0174244
0.0174649
0.0175054
0.0175458
0.0175863
0.0164246
0.0164651
0.0165055
0.016546
0.0165865
0.0166269
0.0166674
0.0167078
0.0167483
0.0167888
0.0168292
0.0168697
0.0169101
0.0169506
0.016991
0.0170315
0.017072
0.0171124
0.0171529
0.0171933
0.0172338
0.0172742
0.0173147
0.0173552
0.0173956
0.0174361
0.0174765
0.017517
0.0175574
0.0175979
0.0176384
0.0164757
0.0165162
0.0165567
0.0165971
0.0166376
0.016678
0.0167185
0.0167589
0.0167994
0.0168399
0.0168803
0.0169208
0.0169612
0.0170017
0.0170421
0.0170826
0.0171231
0.0171635
0.017204
0.0172444
0.0172849
0.0173253
0.0173658
0.0174063
0.0174467
0.0174872
0.0175276
0.0175681
0.0176085
0.017649
0.0176895
0.0165259
0.0165663
0.0166068
0.0166472
0.0166877
0.0167282
0.0167686
0.0168091
0.0168495
0.01689
0.0169304
0.0169709
0.0170114
0.0170518
0.0170923
0.0171327
0.0171732
0.0172136
0.0172541
0.0172946
0.017335
0.0173755
0.0174159
0.0174564
0.0174969
0.0175373
0.0175778
0.0176182
0.0176587
0.0176991
0.0177396
0.016575
0.0166155
0.0166559
0.0166964
0.0167369
0.0167773
0.0168178
0.0168582
0.0168987
0.0169391
0.0169796
0.0170201
0.0170605
0.017101
0.0171414
0.0171819
0.0172223
0.0172628
0.0173033
0.0173437
0.0173842
0.0174246
0.0174651
0.0175055
0.017546
0.0175865
0.0176269
0.0176674
0.0177078
0.0177483
0.0177887
0.0166232
0.0166636
0.0167041
0.0167446
0.016785
0.0168255
0.0168659
0.0169064
0.0169469
0.0169873
0.0170278
0.0170682
0.0171087
0.0171491
0.0171896
0.0172301
0.0172705
0.017311
0.0173514
0.0173919
0.0174323
0.0174728
0.0175133
0.0175537
0.0175942
0.0176346
0.0176751
0.0177155
0.017756
0.0177965
0.0178369
0.0166299
0.0166704
0.0167108
0.0167513
0.0167917
0.0168322
0.0168727
0.0169131
0.0169536
0.016994
0.0170345
0.0170749
0.0171154
0.0171559
0.0171963
0.0172368
0.0172772
0.0173177
0.0173582
0.0173986
0.0174391
0.0174795
0.01752
0.0175604
0.0176009
0.0176414
0.0176818
0.0177223
0.0177627
0.0178032
0.0178436
0.0178841
0.0166761
0.0167166
0.016757
0.0167975
0.0168379
0.0168784
0.0169189
0.0169593
0.0169998
0.0170402
0.0170807
0.0171211
0.0171616
0.0172021
0.0172425
0.017283
0.0173234
0.0173639
0.0174043
0.0174448
0.0174853
0.0175257
0.0175662
0.0176066
0.0176471
0.0176875
0.017728
0.0177685
0.0178089
0.0178494
0.0178898
0.0167213
0.0167618
0.0168022
0.0168427
0.0168831
0.0169236
0.0169641
0.0170045
0.017045
0.0170854
0.0171259
0.0171663
0.0172068
0.0172473
0.0172877
0.0173282
0.0173686
0.0174091
0.0174495
0.01749
0.0175305
0.0175709
0.0176114
0.0176518
0.0176923
0.0177328
0.0177732
0.0178137
0.0178541
0.0178946
0.017935
0.0167655
0.016806
0.0168464
0.0168869
0.0169274
0.0169678
0.0170083
0.0170487
0.0170892
0.0171296
0.0171701
0.0172106
0.017251
0.0172915
0.0173319
0.0173724
0.0174128
0.0174533
0.0174938
0.0175342
0.0175747
0.0176151
0.0176556
0.017696
0.0177365
0.017777
0.0178174
0.0178579
0.0178983
0.0179388
0.0179792
0.0168087
0.0168492
0.0168897
0.0169301
0.0169706
0.017011
0.0170515
0.0170919
0.0171324
0.0171729
0.0172133
0.0172538
0.0172942
0.0173347
0.0173751
0.0174156
0.0174561
0.0174965
0.017537
0.0175774
0.0176179
0.0176583
0.0176988
0.0177393
0.0177797
0.0178202
0.0178606
0.0179011
0.0179416
0.017982
0.0180225
0.0180629
0.016851
0.0168914
0.0169319
0.0169723
0.0170128
0.0170532
0.0170937
0.0171342
0.0171746
0.0172151
0.0172555
0.017296
0.0173365
0.0173769
0.0174174
0.0174578
0.0174983
0.0175387
0.0175792
0.0176197
0.0176601
0.0177006
0.017741
0.0177815
0.0178219
0.0178624
0.0179029
0.0179433
0.0179838
0.0180242
0.0180647
0.0181051
0.0168922
0.0169326
0.0169731
0.0170136
0.017054
0.0170945
0.0171349
0.0171754
0.0172158
0.0172563
0.0172968
0.0173372
0.0173777
0.0174181
0.0174586
0.017499
0.0175395
0.01758
0.0176204
0.0176609
0.0177013
0.0177418
0.0177822
0.0178227
0.0178632
0.0179036
0.0179441
0.0179845
0.018025
0.0180654
0.0181059
0.0181464
0.0169324
0.0169729
0.0170133
0.0170538
0.0170942
0.0171347
0.0171751
0.0172156
0.0172561
0.0172965
0.017337
0.0173774
0.0174179
0.0174583
0.0174988
0.0175393
0.0175797
0.0176202
0.0176606
0.0177011
0.0177415
0.017782
0.0178225
0.0178629
0.0179034
0.0179438
0.0179843
0.0180247
0.0180652
0.0181057
0.0181461
0.0181866
0.0169716
0.0170121
0.0170525
0.017093
0.0171334
0.0171739
0.0172143
0.0172548
0.0172953
0.0173357
0.0173762
0.0174166
0.0174571
0.0174976
0.017538
0.0175785
0.0176189
0.0176594
0.0176998
0.0177403
0.0177808
0.0178212
0.0178617
0.0179021
0.0179426
0.017983
0.0180235
0.018064
0.0181044
0.0181449
0.0181853
0.0182258
0.0170503
0.0170907
0.0171312
0.0171716
0.0172121
0.0172526
0.017293
0.0173335
0.0173739
0.0174144
0.0174548
0.0174953
0.0175358
0.0175762
0.0176167
0.0176571
0.0176976
0.017738
0.0177785
0.017819
0.0178594
0.0178999
0.0179403
0.0179808
0.0180212
0.0180617
0.0181022
0.0181426
0.0181831
0.0182235
0.018264
0.0170875
0.0171279
0.0171684
0.0172088
0.0172493
0.0172897
0.0173302
0.0173707
0.0174111
0.0174516
0.017492
0.0175325
0.0175729
0.0176134
0.0176539
0.0176943
0.0177348
0.0177752
0.0178157
0.0178561
0.0178966
0.0179371
0.0179775
0.018018
0.0180584
0.0180989
0.0181394
0.0181798
0.0182203
0.0182607
0.0183012
0.0171236
0.0171641
0.0172046
0.017245
0.0172855
0.0173259
0.0173664
0.0174068
0.0174473
0.0174878
0.0175282
0.0175687
0.0176091
0.0176496
0.01769
0.0177305
0.017771
0.0178114
0.0178519
0.0178923
0.0179328
0.0179732
0.0180137
0.0180542
0.0180946
0.0181351
0.0181755
0.018216
0.0182564
0.0182969
0.0183374
0.0171588
0.0171993
0.0172397
0.0172802
0.0173206
0.0173611
0.0174015
0.017442
0.0174825
0.0175229
0.0175634
0.0176038
0.0176443
0.0176847
0.0177252
0.0177657
0.0178061
0.0178466
0.017887
0.0179275
0.017968
0.0180084
0.0180489
0.0180893
0.0181298
0.0181702
0.0182107
0.0182512
0.0182916
0.0183321
0.0183725
0.018413
0.0171929
0.0172334
0.0172739
0.0173143
0.0173548
0.0173952
0.0174357
0.0174762
0.0175166
0.0175571
0.0175975
0.017638
0.0176784
0.0177189
0.0177594
0.0177998
0.0178403
0.0178807
0.0179212
0.0179616
0.0180021
0.0180426
0.018083
0.0181235
0.0181639
0.0182044
0.0182448
0.0182853
0.0183258
0.0183662
0.0184067
0.0184471
0.0172665
0.017307
0.0173474
0.0173879
0.0174284
0.0174688
0.0175093
0.0175497
0.0175902
0.0176307
0.0176711
0.0177116
0.017752
0.0177925
0.0178329
0.0178734
0.0179139
0.0179543
0.0179948
0.0180352
0.0180757
0.0181161
0.0181566
0.0181971
0.0182375
0.018278
0.0183184
0.0183589
0.0183993
0.0184398
0.0184803
