1.16148e+26 2.33984e+26 3.75107e+25
1.14573e+26 2.32391e+26 3.7511e+25
1.13129e+26 2.30918e+26 3.75117e+25
1.11827e+26 2.29576e+26 3.7513e+25
1.1067e+26 2.28373e+26 3.75151e+25
1.09663e+26 2.27313e+26 3.75183e+25
1.08808e+26 2.26398e+26 3.75226e+25
1.08104e+26 2.25632e+26 3.75281e+25
1.07551e+26 2.25013e+26 3.75349e+25
1.07147e+26 2.24541e+26 3.7543e+25
1.06887e+26 2.24213e+26 3.75523e+25
1.06768e+26 2.24027e+26 3.75627e+25
1.06785e+26 2.23978e+26 3.7574e+25
1.06933e+26 2.24061e+26 3.75859e+25
1.07204e+26 2.24271e+26 3.75983e+25
1.07592e+26 2.24602e+26 3.76108e+25
1.08089e+26 2.25046e+26 3.76231e+25
1.08686e+26 2.25596e+26 3.7635e+25
1.09374e+26 2.26243e+26 3.7646e+25
1.10143e+26 2.26976e+26 3.7656e+25
1.10982e+26 2.27786e+26 3.76647e+25
1.11879e+26 2.28661e+26 3.76719e+25
1.12822e+26 2.2959e+26 3.76774e+25
1.13798e+26 2.30558e+26 3.76811e+25
1.14794e+26 2.31554e+26 3.76829e+25
1.15796e+26 2.32562e+26 3.76828e+25
1.16789e+26 2.33569e+26 3.76809e+25
1.17759e+26 2.3456e+26 3.76773e+25
1.18694e+26 2.35521e+26 3.76722e+25
1.19578e+26 2.36437e+26 3.76657e+25
1.204e+26 2.37296e+26 3.76581e+25
1.21148e+26 2.38086e+26 3.76496e+25
1.21811e+26 2.38795e+26 3.76404e+25
1.22382e+26 2.39414e+26 3.76309e+25
1.22853e+26 2.39936e+26 3.76213e+25
1.2322e+26 2.40355e+26 3.76118e+25
1.2348e+26 2.40667e+26 3.76026e+25
1.23633e+26 2.40872e+26 3.75938e+25
1.2368e+26 2.40971e+26 3.75856e+25
1.23625e+26 2.40966e+26 3.7578e+25
1.23474e+26 2.40862e+26 3.75712e+25
1.23234e+26 2.40667e+26 3.75651e+25
1.22913e+26 2.40387e+26 3.75599e+25
1.22521e+26 2.40033e+26 3.75553e+25
1.22068e+26 2.39613e+26 3.75515e+25
1.21566e+26 2.39139e+26 3.75483e+25
1.21024e+26 2.38621e+26 3.75458e+25
1.20453e+26 2.38071e+26 3.75439e+25
1.19866e+26 2.37498e+26 3.75426e+25
1.1927e+26 2.36912e+26 3.75417e+25
1.18677e+26 2.36325e+26 3.75414e+25
1.18095e+26 2.35743e+26 3.75415e+25
1.17531e+26 2.35177e+26 3.7542e+25
1.16993e+26 2.34632e+26 3.7543e+25
1.16488e+26 2.34117e+26 3.75444e+25
1.1602e+26 2.33635e+26 3.75461e+25
1.15595e+26 2.33194e+26 3.75482e+25
1.15215e+26 2.32795e+26 3.75507e+25
1.14884e+26 2.32443e+26 3.75534e+25
1.14604e+26 2.3214e+26 3.75565e+25
1.14375e+26 2.31888e+26 3.75598e+25
1.14199e+26 2.31688e+26 3.75634e+25
1.14075e+26 2.31539e+26 3.75671e+25
1.14003e+26 2.31442e+26 3.75709e+25
1.13981e+26 2.31396e+26 3.75748e+25
1.14007e+26 2.31398e+26 3.75787e+25
1.14079e+26 2.31448e+26 3.75826e+25
1.14195e+26 2.31542e+26 3.75863e+25
1.14351e+26 2.31678e+26 3.75899e+25
1.14542e+26 2.31852e+26 3.75932e+25
1.14767e+26 2.3206e+26 3.75962e+25
1.15019e+26 2.32298e+26 3.75989e+25
1.15295e+26 2.32563e+26 3.76012e+25
1.1559e+26 2.32848e+26 3.76031e+25
1.159e+26 2.33151e+26 3.76045e+25
1.16218e+26 2.33465e+26 3.76055e+25
1.16542e+26 2.33787e+26 3.7606e+25
1.16865e+26 2.34111e+26 3.76061e+25
1.17184e+26 2.34432e+26 3.76057e+25
1.17494e+26 2.34746e+26 3.7605e+25
1.1779e+26 2.35049e+26 3.76038e+25
1.18069e+26 2.35336e+26 3.76023e+25
1.18327e+26 2.35604e+26 3.76006e+25
1.18561e+26 2.3585e+26 3.75985e+25
1.18769e+26 2.36071e+26 3.75963e+25
1.18948e+26 2.36264e+26 3.75939e+25
1.19097e+26 2.36427e+26 3.75914e+25
1.19214e+26 2.3656e+26 3.75889e+25
1.193e+26 2.36661e+26 3.75863e+25
1.19354e+26 2.3673e+26 3.75838e+25
1.19377e+26 2.36768e+26 3.75814e+25
1.19369e+26 2.36775e+26 3.7579e+25
1.19333e+26 2.36753e+26 3.75768e+25
1.19269e+26 2.36703e+26 3.75748e+25
1.1918e+26 2.36627e+26 3.75729e+25
1.1907e+26 2.36528e+26 3.75712e+25
1.18939e+26 2.36407e+26 3.75697e+25
1.18792e+26 2.36269e+26 3.75684e+25
1.18631e+26 2.36115e+26 3.75674e+25
1.18459e+26 2.3595e+26 3.75665e+25
1.1828e+26 2.35775e+26 3.75659e+25
1.18096e+26 2.35595e+26 3.75654e+25
1.1791e+26 2.35411e+26 3.75652e+25
1.17726e+26 2.35227e+26 3.75651e+25
1.17545e+26 2.35045e+26 3.75653e+25
1.17371e+26 2.34869e+26 3.75656e+25
1.17205e+26 2.347e+26 3.75661e+25
1.1705e+26 2.3454e+26 3.75667e+25
1.16907e+26 2.34392e+26 3.75675e+25
1.16777e+26 2.34257e+26 3.75684e+25
1.16663e+26 2.34136e+26 3.75694e+25
1.16564e+26 2.3403e+26 3.75705e+25
1.16482e+26 2.3394e+26 3.75717e+25
1.16417e+26 2.33867e+26 3.75729e+25
1.16369e+26 2.33811e+26 3.75742e+25
1.16339e+26 2.33773e+26 3.75755e+25
1.16325e+26 2.3375e+26 3.75768e+25
1.16327e+26 2.33745e+26 3.75781e+25
1.16345e+26 2.33755e+26 3.75793e+25
1.16377e+26 2.3378e+26 3.75805e+25
1.16423e+26 2.33819e+26 3.75816e+25
1.16481e+26 2.33871e+26 3.75827e+25
1.1655e+26 2.33935e+26 3.75836e+25
1.16629e+26 2.34009e+26 3.75844e+25
1.16716e+26 2.34091e+26 3.75851e+25
1.16809e+26 2.34181e+26 3.75857e+25
1.16907e+26 2.34277e+26 3.75861e+25
1.17009e+26 2.34376e+26 3.75865e+25
1.17112e+26 2.34478e+26 3.75867e+25
1.17215e+26 2.34581e+26 3.75867e+25
1.17317e+26 2.34684e+26 3.75867e+25
1.17416e+26 2.34784e+26 3.75865e+25
1.17511e+26 2.3488e+26 3.75862e+25
1.176e+26 2.34972e+26 3.75858e+25
1.17683e+26 2.35058e+26 3.75853e+25
1.17759e+26 2.35138e+26 3.75847e+25
1.17827e+26 2.35209e+26 3.75841e+25
1.17885e+26 2.35272e+26 3.75834e+25
1.17935e+26 2.35325e+26 3.75827e+25
1.17974e+26 2.3537e+26 3.75819e+25
1.18004e+26 2.35404e+26 3.75812e+25
1.18024e+26 2.35429e+26 3.75804e+25
1.18034e+26 2.35444e+26 3.75797e+25
1.18035e+26 2.35449e+26 3.75789e+25
1.18026e+26 2.35445e+26 3.75782e+25
1.18009e+26 2.35432e+26 3.75775e+25
1.17984e+26 2.35411e+26 3.75769e+25
1.17952e+26 2.35383e+26 3.75763e+25
1.17914e+26 2.35347e+26 3.75758e+25
1.17869e+26 2.35306e+26 3.75754e+25
1.1782e+26 2.3526e+26 3.7575e+25
1.17768e+26 2.35209e+26 3.75747e+25
1.17712e+26 2.35155e+26 3.75744e+25
1.17655e+26 2.35099e+26 3.75743e+25
1.17597e+26 2.35041e+26 3.75742e+25
1.17538e+26 2.34983e+26 3.75741e+25
1.17481e+26 2.34926e+26 3.75741e+25
1.17425e+26 2.34869e+26 3.75742e+25
1.17371e+26 2.34815e+26 3.75744e+25
1.1732e+26 2.34763e+26 3.75746e+25
1.17273e+26 2.34714e+26 3.75748e+25
1.17231e+26 2.34669e+26 3.75751e+25
1.17192e+26 2.34629e+26 3.75754e+25
1.17159e+26 2.34593e+26 3.75758e+25
1.17131e+26 2.34563e+26 3.75762e+25
1.17108e+26 2.34537e+26 3.75766e+25
1.17091e+26 2.34517e+26 3.7577e+25
1.17079e+26 2.34503e+26 3.75774e+25
1.17072e+26 2.34494e+26 3.75778e+25
1.17071e+26 2.3449e+26 3.75782e+25
1.17075e+26 2.34492e+26 3.75786e+25
1.17084e+26 2.34498e+26 3.7579e+25
1.17097e+26 2.34509e+26 3.75794e+25
1.17114e+26 2.34524e+26 3.75797e+25
1.17135e+26 2.34543e+26 3.758e+25
1.17159e+26 2.34566e+26 3.75803e+25
1.17186e+26 2.34591e+26 3.75805e+25
1.17215e+26 2.34619e+26 3.75807e+25
1.17246e+26 2.34649e+26 3.75808e+25
1.17277e+26 2.3468e+26 3.7581e+25
1.1731e+26 2.34712e+26 3.7581e+25
1.17343e+26 2.34745e+26 3.75811e+25
1.17375e+26 2.34777e+26 3.75811e+25
1.17407e+26 2.34809e+26 3.7581e+25
1.17437e+26 2.3484e+26 3.75809e+25
1.17466e+26 2.3487e+26 3.75808e+25
1.17493e+26 2.34897e+26 3.75807e+25
1.17518e+26 2.34923e+26 3.75805e+25
1.1754e+26 2.34946e+26 3.75803e+25
1.1756e+26 2.34967e+26 3.75801e+25
1.17576e+26 2.34985e+26 3.75799e+25
1.1759e+26 2.35e+26 3.75797e+25
1.176e+26 2.35012e+26 3.75794e+25
1.17607e+26 2.35021e+26 3.75792e+25
1.17612e+26 2.35026e+26 3.7579e+25
1.17613e+26 2.35029e+26 3.75787e+25
1.17611e+26 2.35029e+26 3.75785e+25
1.17607e+26 2.35026e+26 3.75783e+25
1.176e+26 2.3502e+26 3.75781e+25
1.1759e+26 2.35012e+26 3.75779e+25
1.17579e+26 2.35001e+26 3.75777e+25
1.17566e+26 2.34989e+26 3.75776e+25
1.17551e+26 2.34975e+26 3.75774e+25
1.17534e+26 2.34959e+26 3.75773e+25
1.17517e+26 2.34943e+26 3.75772e+25
1.17499e+26 2.34925e+26 3.75772e+25
1.17481e+26 2.34907e+26 3.75771e+25
1.17463e+26 2.34889e+26 3.75771e+25
1.17444e+26 2.34871e+26 3.75771e+25
1.17426e+26 2.34853e+26 3.75771e+25
1.17409e+26 2.34835e+26 3.75772e+25
1.17393e+26 2.34818e+26 3.75772e+25
1.17377e+26 2.34802e+26 3.75773e+25
1.17363e+26 2.34788e+26 3.75774e+25
1.17351e+26 2.34775e+26 3.75775e+25
1.17339e+26 2.34763e+26 3.75776e+25
1.1733e+26 2.34752e+26 3.75777e+25
1.17322e+26 2.34744e+26 3.75779e+25
1.17316e+26 2.34737e+26 3.7578e+25
1.17311e+26 2.34732e+26 3.75781e+25
1.17309e+26 2.34728e+26 3.75782e+25
1.17308e+26 2.34726e+26 3.75784e+25
1.17309e+26 2.34726e+26 3.75785e+25
1.17311e+26 2.34728e+26 3.75786e+25
1.17314e+26 2.34731e+26 3.75787e+25
1.17319e+26 2.34735e+26 3.75789e+25
1.17326e+26 2.34741e+26 3.7579e+25
1.17333e+26 2.34747e+26 3.7579e+25
1.17341e+26 2.34755e+26 3.75791e+25
1.1735e+26 2.34764e+26 3.75792e+25
1.1736e+26 2.34773e+26 3.75792e+25
1.1737e+26 2.34783e+26 3.75793e+25
1.1738e+26 2.34793e+26 3.75793e+25
1.1739e+26 2.34803e+26 3.75793e+25
1.17401e+26 2.34813e+26 3.75793e+25
1.17411e+26 2.34823e+26 3.75793e+25
1.17421e+26 2.34833e+26 3.75793e+25
1.1743e+26 2.34843e+26 3.75793e+25
1.17439e+26 2.34852e+26 3.75792e+25
1.17447e+26 2.3486e+26 3.75792e+25
1.17454e+26 2.34868e+26 3.75791e+25
1.1746e+26 2.34875e+26 3.7579e+25
1.17466e+26 2.34881e+26 3.7579e+25
1.17471e+26 2.34886e+26 3.75789e+25
1.17474e+26 2.3489e+26 3.75788e+25
1.17477e+26 2.34893e+26 3.75788e+25
1.17479e+26 2.34895e+26 3.75787e+25
1.17479e+26 2.34896e+26 3.75786e+25
1.17479e+26 2.34897e+26 3.75785e+25
1.17478e+26 2.34896e+26 3.75785e+25
1.17476e+26 2.34894e+26 3.75784e+25
1.17473e+26 2.34892e+26 3.75783e+25
1.1747e+26 2.34889e+26 3.75783e+25
1.17466e+26 2.34885e+26 3.75782e+25
1.17461e+26 2.34881e+26 3.75782e+25
1.17456e+26 2.34876e+26 3.75782e+25
1.17451e+26 2.34871e+26 3.75781e+25
1.17445e+26 2.34866e+26 3.75781e+25
1.1744e+26 2.3486e+26 3.75781e+25
1.17434e+26 2.34854e+26 3.75781e+25
1.17428e+26 2.34848e+26 3.75781e+25
1.17422e+26 2.34843e+26 3.75781e+25
1.17417e+26 2.34837e+26 3.75781e+25
1.17412e+26 2.34832e+26 3.75781e+25
1.17407e+26 2.34827e+26 3.75781e+25
1.17402e+26 2.34822e+26 3.75782e+25
1.17398e+26 2.34817e+26 3.75782e+25
1.17394e+26 2.34814e+26 3.75782e+25
1.17391e+26 2.3481e+26 3.75783e+25
1.17388e+26 2.34807e+26 3.75783e+25
1.17386e+26 2.34805e+26 3.75783e+25
1.17384e+26 2.34803e+26 3.75784e+25
1.17383e+26 2.34802e+26 3.75784e+25
1.17383e+26 2.34801e+26 3.75785e+25
1.17383e+26 2.34801e+26 3.75785e+25
1.17383e+26 2.34801e+26 3.75785e+25
1.17384e+26 2.34802e+26 3.75786e+25
1.17386e+26 2.34803e+26 3.75786e+25
1.17388e+26 2.34805e+26 3.75786e+25
1.1739e+26 2.34807e+26 3.75787e+25
1.17392e+26 2.34809e+26 3.75787e+25
1.17395e+26 2.34812e+26 3.75787e+25
1.17398e+26 2.34814e+26 3.75787e+25
1.17401e+26 2.34817e+26 3.75788e+25
1.17405e+26 2.34821e+26 3.75788e+25
1.17408e+26 2.34824e+26 3.75788e+25
1.17411e+26 2.34827e+26 3.75788e+25
1.17414e+26 2.3483e+26 3.75788e+25
1.17417e+26 2.34834e+26 3.75788e+25
1.1742e+26 2.34837e+26 3.75788e+25
1.17423e+26 2.3484e+26 3.75787e+25
1.17426e+26 2.34842e+26 3.75787e+25
1.17428e+26 2.34845e+26 3.75787e+25
1.1743e+26 2.34847e+26 3.75787e+25
1.17432e+26 2.34849e+26 3.75787e+25
1.17434e+26 2.34851e+26 3.75786e+25
1.17435e+26 2.34852e+26 3.75786e+25
1.17436e+26 2.34853e+26 3.75786e+25
1.17437e+26 2.34854e+26 3.75786e+25
1.17437e+26 2.34854e+26 3.75786e+25
1.17437e+26 2.34855e+26 3.75785e+25
1.17437e+26 2.34854e+26 3.75785e+25
1.17436e+26 2.34854e+26 3.75785e+25
1.17436e+26 2.34853e+26 3.75785e+25
1.17435e+26 2.34853e+26 3.75784e+25
1.17433e+26 2.34851e+26 3.75784e+25
1.17432e+26 2.3485e+26 3.75784e+25
1.1743e+26 2.34849e+26 3.75784e+25
1.17429e+26 2.34847e+26 3.75784e+25
1.17427e+26 2.34845e+26 3.75784e+25
1.17425e+26 2.34844e+26 3.75784e+25
1.17423e+26 2.34842e+26 3.75784e+25
1.17422e+26 2.3484e+26 3.75784e+25
1.1742e+26 2.34838e+26 3.75784e+25
1.17418e+26 2.34836e+26 3.75784e+25
1.17416e+26 2.34835e+26 3.75784e+25
1.17415e+26 2.34833e+26 3.75784e+25
1.17413e+26 2.34831e+26 3.75784e+25
1.17412e+26 2.3483e+26 3.75784e+25
1.17411e+26 2.34829e+26 3.75784e+25
1.17409e+26 2.34828e+26 3.75784e+25
1.17409e+26 2.34827e+26 3.75784e+25
1.17408e+26 2.34826e+26 3.75785e+25
1.17407e+26 2.34825e+26 3.75785e+25
1.17407e+26 2.34825e+26 3.75785e+25
1.17407e+26 2.34824e+26 3.75785e+25
1.17407e+26 2.34824e+26 3.75785e+25
1.17407e+26 2.34824e+26 3.75785e+25
1.17407e+26 2.34824e+26 3.75785e+25
1.17407e+26 2.34825e+26 3.75785e+25
1.17408e+26 2.34825e+26 3.75786e+25
1.17409e+26 2.34826e+26 3.75786e+25
1.17409e+26 2.34827e+26 3.75786e+25
1.1741e+26 2.34827e+26 3.75786e+25
1.17411e+26 2.34828e+26 3.75786e+25
1.17412e+26 2.34829e+26 3.75786e+25
1.17413e+26 2.3483e+26 3.75786e+25
1.17414e+26 2.34831e+26 3.75786e+25
1.17415e+26 2.34832e+26 3.75786e+25
1.17416e+26 2.34833e+26 3.75786e+25
1.17417e+26 2.34834e+26 3.75786e+25
1.17418e+26 2.34835e+26 3.75786e+25
1.17419e+26 2.34836e+26 3.75786e+25
1.1742e+26 2.34837e+26 3.75786e+25
1.17421e+26 2.34838e+26 3.75786e+25
1.17421e+26 2.34839e+26 3.75786e+25
1.17422e+26 2.34839e+26 3.75786e+25
1.17423e+26 2.3484e+26 3.75786e+25
1.17423e+26 2.3484e+26 3.75786e+25
1.17423e+26 2.34841e+26 3.75785e+25
1.17424e+26 2.34841e+26 3.75785e+25
1.17424e+26 2.34841e+26 3.75785e+25
1.17424e+26 2.34841e+26 3.75785e+25
1.17424e+26 2.34841e+26 3.75785e+25
1.17424e+26 2.34841e+26 3.75785e+25
1.17423e+26 2.34841e+26 3.75785e+25
1.17423e+26 2.34841e+26 3.75785e+25
1.17423e+26 2.3484e+26 3.75785e+25
1.17422e+26 2.3484e+26 3.75785e+25
1.17422e+26 2.3484e+26 3.75785e+25
1.17421e+26 2.34839e+26 3.75785e+25
1.17421e+26 2.34839e+26 3.75785e+25
1.1742e+26 2.34838e+26 3.75785e+25
1.1742e+26 2.34838e+26 3.75785e+25
1.17419e+26 2.34837e+26 3.75785e+25
1.17418e+26 2.34836e+26 3.75785e+25
1.17418e+26 2.34836e+26 3.75785e+25
1.17417e+26 2.34835e+26 3.75785e+25
1.17417e+26 2.34835e+26 3.75785e+25
1.17416e+26 2.34834e+26 3.75785e+25
1.17416e+26 2.34834e+26 3.75785e+25
1.17415e+26 2.34833e+26 3.75785e+25
1.17415e+26 2.34833e+26 3.75785e+25
1.17415e+26 2.34833e+26 3.75785e+25
1.17415e+26 2.34832e+26 3.75785e+25
1.17414e+26 2.34832e+26 3.75785e+25
1.17414e+26 2.34832e+26 3.75785e+25
1.17414e+26 2.34832e+26 3.75785e+25
1.17414e+26 2.34832e+26 3.75785e+25
1.17414e+26 2.34832e+26 3.75785e+25
1.17414e+26 2.34832e+26 3.75785e+25
1.17414e+26 2.34832e+26 3.75785e+25
1.17414e+26 2.34832e+26 3.75785e+25
1.17415e+26 2.34832e+26 3.75785e+25
1.17415e+26 2.34832e+26 3.75785e+25
1.17415e+26 2.34833e+26 3.75785e+25
1.17415e+26 2.34833e+26 3.75785e+25
1.17416e+26 2.34833e+26 3.75785e+25
1.17416e+26 2.34834e+26 3.75785e+25
1.17416e+26 2.34834e+26 3.75785e+25
1.17417e+26 2.34834e+26 3.75785e+25
1.17417e+26 2.34834e+26 3.75785e+25
1.17417e+26 2.34835e+26 3.75785e+25
1.17418e+26 2.34835e+26 3.75785e+25
1.17418e+26 2.34835e+26 3.75785e+25
1.17418e+26 2.34836e+26 3.75785e+25
1.17419e+26 2.34836e+26 3.75785e+25
1.17419e+26 2.34836e+26 3.75785e+25
1.17419e+26 2.34836e+26 3.75785e+25
1.17419e+26 2.34837e+26 3.75785e+25
1.17419e+26 2.34837e+26 3.75785e+25
1.17419e+26 2.34837e+26 3.75785e+25
1.17419e+26 2.34837e+26 3.75785e+25
1.1742e+26 2.34837e+26 3.75785e+25
1.1742e+26 2.34837e+26 3.75785e+25
1.1742e+26 2.34837e+26 3.75785e+25
1.1742e+26 2.34837e+26 3.75785e+25
1.17419e+26 2.34837e+26 3.75785e+25
1.17419e+26 2.34837e+26 3.75785e+25
1.17419e+26 2.34837e+26 3.75785e+25
1.17419e+26 2.34837e+26 3.75785e+25
1.17419e+26 2.34837e+26 3.75785e+25
1.17419e+26 2.34836e+26 3.75785e+25
1.17419e+26 2.34836e+26 3.75785e+25
1.17418e+26 2.34836e+26 3.75785e+25
1.17418e+26 2.34836e+26 3.75785e+25
1.17418e+26 2.34836e+26 3.75785e+25
1.17418e+26 2.34836e+26 3.75785e+25
1.17418e+26 2.34835e+26 3.75785e+25
1.17418e+26 2.34835e+26 3.75785e+25
1.17417e+26 2.34835e+26 3.75785e+25
1.17417e+26 2.34835e+26 3.75785e+25
1.17417e+26 2.34835e+26 3.75785e+25
1.17417e+26 2.34835e+26 3.75785e+25
1.17417e+26 2.34835e+26 3.75785e+25
1.17417e+26 2.34834e+26 3.75785e+25
1.17417e+26 2.34834e+26 3.75785e+25
1.17417e+26 2.34834e+26 3.75785e+25
1.17417e+26 2.34834e+26 3.75785e+25
1.17417e+26 2.34834e+26 3.75785e+25
1.17416e+26 2.34834e+26 3.75785e+25
1.17416e+26 2.34834e+26 3.75785e+25
1.17417e+26 2.34834e+26 3.75785e+25
1.17417e+26 2.34834e+26 3.75785e+25
1.17417e+26 2.34834e+26 3.75785e+25
1.17417e+26 2.34834e+26 3.75785e+25
1.17417e+26 2.34834e+26 3.75785e+25
1.17417e+26 2.34834e+26 3.75785e+25
1.17417e+26 2.34834e+26 3.75785e+25
1.17417e+26 2.34835e+26 3.75785e+25
1.17417e+26 2.34835e+26 3.75785e+25
1.17417e+26 2.34835e+26 3.75785e+25
1.17417e+26 2.34835e+26 3.75785e+25
1.17417e+26 2.34835e+26 3.75785e+25
1.17417e+26 2.34835e+26 3.75785e+25
1.17418e+26 2.34835e+26 3.75785e+25
1.17418e+26 2.34835e+26 3.75785e+25
1.17418e+26 2.34835e+26 3.75785e+25
1.17418e+26 2.34835e+26 3.75785e+25
1.17418e+26 2.34835e+26 3.75785e+25
1.17418e+26 2.34836e+26 3.75785e+25
1.17418e+26 2.34836e+26 3.75785e+25
1.17418e+26 2.34836e+26 3.75785e+25
1.17418e+26 2.34836e+26 3.75785e+25
1.17418e+26 2.34836e+26 3.75785e+25
1.17418e+26 2.34836e+26 3.75785e+25
1.17418e+26 2.34836e+26 3.75785e+25
1.17418e+26 2.34836e+26 3.75785e+25
1.17418e+26 2.34836e+26 3.75785e+25
1.17418e+26 2.34836e+26 3.75785e+25
1.17418e+26 2.34836e+26 3.75785e+25
1.17418e+26 2.34836e+26 3.75785e+25
1.17418e+26 2.34836e+26 3.75785e+25
1.17418e+26 2.34836e+26 3.75785e+25
1.17418e+26 2.34836e+26 3.75785e+25
1.17418e+26 2.34836e+26 3.75785e+25
1.17418e+26 2.34836e+26 3.75785e+25
1.17418e+26 2.34835e+26 3.75785e+25
1.17418e+26 2.34835e+26 3.75785e+25
1.17418e+26 2.34835e+26 3.75785e+25
1.17418e+26 2.34835e+26 3.75785e+25
1.17418e+26 2.34835e+26 3.75785e+25
1.17418e+26 2.34835e+26 3.75785e+25
1.17418e+26 2.34835e+26 3.75785e+25
1.17417e+26 2.34835e+26 3.75785e+25
1.17417e+26 2.34835e+26 3.75785e+25
1.17417e+26 2.34835e+26 3.75785e+25
1.17417e+26 2.34835e+26 3.75785e+25
1.17417e+26 2.34835e+26 3.75785e+25
1.17417e+26 2.34835e+26 3.75785e+25
1.17417e+26 2.34835e+26 3.75785e+25
1.17417e+26 2.34835e+26 3.75785e+25
1.17417e+26 2.34835e+26 3.75785e+25
1.17417e+26 2.34835e+26 3.75785e+25
1.17417e+26 2.34835e+26 3.75785e+25
1.17417e+26 2.34835e+26 3.75785e+25
1.17417e+26 2.34835e+26 3.75785e+25
1.17417e+26 2.34835e+26 3.75785e+25
1.17417e+26 2.34835e+26 3.75785e+25
1.17417e+26 2.34835e+26 3.75785e+25
1.17417e+26 2.34835e+26 3.75785e+25
1.17417e+26 2.34835e+26 3.75785e+25
1.17417e+26 2.34835e+26 3.75785e+25
1.17417e+26 2.34835e+26 3.75785e+25
1.17417e+26 2.34835e+26 3.75785e+25
1.17418e+26 2.34835e+26 3.75785e+25
1.17418e+26 2.34835e+26 3.75785e+25
1.17418e+26 2.34835e+26 3.75785e+25
1.17418e+26 2.34835e+26 3.75785e+25
1.17418e+26 2.34835e+26 3.75785e+25
1.17418e+26 2.34835e+26 3.75785e+25
1.17418e+26 2.34835e+26 3.75785e+25
1.17418e+26 2.34835e+26 3.75785e+25
1.17418e+26 2.34835e+26 3.75785e+25
1.17418e+26 2.34835e+26 3.75785e+25
1.17418e+26 2.34835e+26 3.75785e+25
1.17418e+26 2.34835e+26 3.75785e+25
1.17418e+26 2.34835e+26 3.75785e+25
1.17418e+26 2.34835e+26 3.75785e+25
1.17418e+26 2.34835e+26 3.75785e+25
1.17418e+26 2.34835e+26 3.75785e+25
1.17418e+26 2.34835e+26 3.75785e+25
1.17418e+26 2.34835e+26 3.75785e+25
1.17418e+26 2.34835e+26 3.75785e+25
1.17418e+26 2.34835e+26 3.75785e+25
1.17418e+26 2.34835e+26 3.75785e+25
1.17418e+26 2.34835e+26 3.75785e+25
1.17418e+26 2.34835e+26 3.75785e+25
1.17418e+26 2.34835e+26 3.75785e+25
1.17418e+26 2.34835e+26 3.75785e+25
1.17418e+26 2.34835e+26 3.75785e+25
1.17418e+26 2.34835e+26 3.75785e+25
1.17418e+26 2.34835e+26 3.75785e+25
1.17418e+26 2.34835e+26 3.75785e+25
1.17418e+26 2.34835e+26 3.75785e+25
1.17418e+26 2.34835e+26 3.75785e+25
1.17418e+26 2.34835e+26 3.75785e+25
1.17418e+26 2.34835e+26 3.75785e+25
1.17418e+26 2.34835e+26 3.75785e+25
1.17418e+26 2.34835e+26 3.75785e+25
1.17418e+26 2.34835e+26 3.75785e+25
1.17417e+26 2.34835e+26 3.75785e+25
1.17417e+26 2.34835e+26 3.75785e+25
1.17417e+26 2.34835e+26 3.75785e+25
1.17417e+26 2.34835e+26 3.75785e+25
1.17417e+26 2.34835e+26 3.75785e+25
1.17417e+26 2.34835e+26 3.75785e+25
1.17417e+26 2.34835e+26 3.75785e+25
1.17417e+26 2.34835e+26 3.75785e+25
1.17417e+26 2.34835e+26 3.75785e+25
1.17417e+26 2.34835e+26 3.75785e+25
1.17418e+26 2.34835e+26 3.75785e+25
1.17418e+26 2.34835e+26 3.75785e+25
1.17418e+26 2.34835e+26 3.75785e+25
1.17418e+26 2.34835e+26 3.75785e+25
1.17418e+26 2.34835e+26 3.75785e+25
1.17418e+26 2.34835e+26 3.75785e+25
1.17418e+26 2.34835e+26 3.75785e+25
1.17418e+26 2.34835e+26 3.75785e+25
1.17418e+26 2.34835e+26 3.75785e+25
1.17418e+26 2.34835e+26 3.75785e+25
1.17418e+26 2.34835e+26 3.75785e+25
1.17418e+26 2.34835e+26 3.75785e+25
1.17418e+26 2.34835e+26 3.75785e+25
1.17418e+26 2.34835e+26 3.75785e+25
1.17418e+26 2.34835e+26 3.75785e+25
1.17418e+26 2.34835e+26 3.75785e+25
1.17418e+26 2.34835e+26 3.75785e+25
1.17418e+26 2.34835e+26 3.75785e+25
1.17418e+26 2.34835e+26 3.75785e+25
1.17418e+26 2.34835e+26 3.75785e+25
1.17418e+26 2.34835e+26 3.75785e+25
1.17418e+26 2.34835e+26 3.75785e+25
1.17418e+26 2.34835e+26 3.75785e+25
1.17418e+26 2.34835e+26 3.75785e+25
1.17418e+26 2.34835e+26 3.75785e+25
1.17418e+26 2.34835e+26 3.75785e+25
1.17418e+26 2.34835e+26 3.75785e+25
1.17418e+26 2.34835e+26 3.75785e+25
1.17418e+26 2.34835e+26 3.75785e+25
1.17418e+26 2.34835e+26 3.75785e+25
1.17418e+26 2.34835e+26 3.75785e+25
1.17418e+26 2.34835e+26 3.75785e+25
1.17418e+26 2.34835e+26 3.75785e+25
1.17418e+26 2.34835e+26 3.75785e+25
1.17418e+26 2.34835e+26 3.75785e+25
1.17418e+26 2.34835e+26 3.75785e+25
1.17418e+26 2.34835e+26 3.75785e+25
1.17418e+26 2.34835e+26 3.75785e+25
1.17418e+26 2.34835e+26 3.75785e+25
1.17418e+26 2.34835e+26 3.75785e+25
1.17418e+26 2.34835e+26 3.75785e+25
1.17418e+26 2.34835e+26 3.75785e+25
1.17418e+26 2.34835e+26 3.75785e+25
1.17418e+26 2.34835e+26 3.75785e+25
1.17418e+26 2.34835e+26 3.75785e+25
1.17418e+26 2.34835e+26 3.75785e+25
1.17418e+26 2.34835e+26 3.75785e+25
1.17418e+26 2.34835e+26 3.75785e+25
1.17418e+26 2.34835e+26 3.75785e+25
1.17418e+26 2.34835e+26 3.75785e+25
1.17418e+26 2.34835e+26 3.75785e+25
1.17418e+26 2.34835e+26 3.75785e+25
1.17418e+26 2.34835e+26 3.75785e+25
1.17418e+26 2.34835e+26 3.75785e+25
1.17418e+26 2.34835e+26 3.75785e+25
1.17418e+26 2.34835e+26 3.75785e+25
1.17418e+26 2.34835e+26 3.75785e+25
1.17418e+26 2.34835e+26 3.75785e+25
1.17418e+26 2.34835e+26 3.75785e+25
1.17418e+26 2.34835e+26 3.75785e+25
1.17418e+26 2.34835e+26 3.75785e+25
1.17418e+26 2.34835e+26 3.75785e+25
1.17418e+26 2.34835e+26 3.75785e+25
1.17418e+26 2.34835e+26 3.75785e+25
1.17418e+26 2.34835e+26 3.75785e+25
1.17418e+26 2.34835e+26 3.75785e+25
1.17418e+26 2.34835e+26 3.75785e+25
1.17418e+26 2.34835e+26 3.75785e+25
1.17418e+26 2.34835e+26 3.75785e+25
1.17418e+26 2.34835e+26 3.75785e+25
1.17418e+26 2.34835e+26 3.75785e+25
1.17418e+26 2.34835e+26 3.75785e+25
1.17418e+26 2.34835e+26 3.75785e+25
1.17418e+26 2.34835e+26 3.75785e+25
1.17418e+26 2.34835e+26 3.75785e+25
1.17418e+26 2.34835e+26 3.75785e+25
1.17418e+26 2.34835e+26 3.75785e+25
1.17418e+26 2.34835e+26 3.75785e+25
1.17418e+26 2.34835e+26 3.75785e+25
1.17418e+26 2.34835e+26 3.75785e+25
1.17418e+26 2.34835e+26 3.75785e+25
1.17418e+26 2.34835e+26 3.75785e+25
1.17418e+26 2.34835e+26 3.75785e+25
1.17418e+26 2.34835e+26 3.75785e+25
1.17418e+26 2.34835e+26 3.75785e+25
1.17418e+26 2.34835e+26 3.75785e+25
1.17418e+26 2.34835e+26 3.75785e+25
1.17418e+26 2.34835e+26 3.75785e+25
1.17418e+26 2.34835e+26 3.75785e+25
1.17418e+26 2.34835e+26 3.75785e+25
1.17418e+26 2.34835e+26 3.75785e+25
1.17418e+26 2.34835e+26 3.75785e+25
1.17418e+26 2.34835e+26 3.75785e+25
1.17418e+26 2.34835e+26 3.75785e+25
1.17418e+26 2.34835e+26 3.75785e+25
1.17418e+26 2.34835e+26 3.75785e+25
1.17418e+26 2.34835e+26 3.75785e+25
1.17418e+26 2.34835e+26 3.75785e+25
1.17418e+26 2.34835e+26 3.75785e+25
1.17418e+26 2.34835e+26 3.75785e+25
1.17418e+26 2.34835e+26 3.75785e+25
1.17418e+26 2.34835e+26 3.75785e+25
1.17418e+26 2.34835e+26 3.75785e+25
1.17418e+26 2.34835e+26 3.75785e+25
1.17418e+26 2.34835e+26 3.75785e+25
1.17418e+26 2.34835e+26 3.75785e+25
1.17418e+26 2.34835e+26 3.75785e+25
1.17418e+26 2.34835e+26 3.75785e+25
1.17418e+26 2.34835e+26 3.75785e+25
1.17418e+26 2.34835e+26 3.75785e+25
1.17418e+26 2.34835e+26 3.75785e+25
1.17418e+26 2.34835e+26 3.75785e+25
1.17418e+26 2.34835e+26 3.75785e+25
1.17418e+26 2.34835e+26 3.75785e+25
1.17418e+26 2.34835e+26 3.75785e+25
1.17418e+26 2.34835e+26 3.75785e+25
1.17418e+26 2.34835e+26 3.75785e+25
1.17418e+26 2.34835e+26 3.75785e+25
1.17418e+26 2.34835e+26 3.75785e+25
1.17418e+26 2.34835e+26 3.75785e+25
1.17418e+26 2.34835e+26 3.75785e+25
1.17418e+26 2.34835e+26 3.75785e+25
1.17418e+26 2.34835e+26 3.75785e+25
1.17418e+26 2.34835e+26 3.75785e+25
1.17418e+26 2.34835e+26 3.75785e+25
1.17418e+26 2.34835e+26 3.75785e+25
1.17418e+26 2.34835e+26 3.75785e+25
1.17418e+26 2.34835e+26 3.75785e+25
1.17418e+26 2.34835e+26 3.75785e+25
1.17418e+26 2.34835e+26 3.75785e+25
1.17418e+26 2.34835e+26 3.75785e+25
1.17418e+26 2.34835e+26 3.75785e+25
1.17418e+26 2.34835e+26 3.75785e+25
1.17418e+26 2.34835e+26 3.75785e+25
1.17418e+26 2.34835e+26 3.75785e+25
1.17418e+26 2.34835e+26 3.75785e+25
1.17418e+26 2.34835e+26 3.75785e+25
1.17418e+26 2.34835e+26 3.75785e+25
1.17418e+26 2.34835e+26 3.75785e+25
1.17418e+26 2.34835e+26 3.75785e+25
1.17418e+26 2.34835e+26 3.75785e+25
1.17418e+26 2.34835e+26 3.75785e+25
1.17418e+26 2.34835e+26 3.75785e+25
1.17418e+26 2.34835e+26 3.75785e+25
1.17418e+26 2.34835e+26 3.75785e+25
1.17418e+26 2.34835e+26 3.75785e+25
1.17418e+26 2.34835e+26 3.75785e+25
1.17418e+26 2.34835e+26 3.75785e+25
1.17418e+26 2.34835e+26 3.75785e+25
1.17418e+26 2.34835e+26 3.75785e+25
1.17418e+26 2.34835e+26 3.75785e+25
1.17418e+26 2.34835e+26 3.75785e+25
1.17418e+26 2.34835e+26 3.75785e+25
1.17418e+26 2.34835e+26 3.75785e+25
1.17418e+26 2.34835e+26 3.75785e+25
1.17418e+26 2.34835e+26 3.75785e+25
1.17418e+26 2.34835e+26 3.75785e+25
1.17418e+26 2.34835e+26 3.75785e+25
1.17418e+26 2.34835e+26 3.75785e+25
1.17418e+26 2.34835e+26 3.75785e+25
1.17418e+26 2.34835e+26 3.75785e+25
1.17418e+26 2.34835e+26 3.75785e+25
1.17418e+26 2.34835e+26 3.75785e+25
1.17418e+26 2.34835e+26 3.75785e+25
1.17418e+26 2.34835e+26 3.75785e+25
1.17418e+26 2.34835e+26 3.75785e+25
1.17418e+26 2.34835e+26 3.75785e+25
1.17418e+26 2.34835e+26 3.75785e+25
1.17418e+26 2.34835e+26 3.75785e+25
1.17418e+26 2.34835e+26 3.75785e+25
1.17418e+26 2.34835e+26 3.75785e+25
1.17418e+26 2.34835e+26 3.75785e+25
1.17418e+26 2.34835e+26 3.75785e+25
1.17418e+26 2.34835e+26 3.75785e+25
1.17418e+26 2.34835e+26 3.75785e+25
1.17418e+26 2.34835e+26 3.75785e+25
1.17418e+26 2.34835e+26 3.75785e+25
1.17418e+26 2.34835e+26 3.75785e+25
1.17418e+26 2.34835e+26 3.75785e+25
1.17418e+26 2.34835e+26 3.75785e+25
1.17418e+26 2.34835e+26 3.75785e+25
1.17418e+26 2.34835e+26 3.75785e+25
1.17418e+26 2.34835e+26 3.75785e+25
1.17418e+26 2.34835e+26 3.75785e+25
1.17418e+26 2.34835e+26 3.75785e+25
1.17418e+26 2.34835e+26 3.75785e+25
1.17418e+26 2.34835e+26 3.75785e+25
1.17418e+26 2.34835e+26 3.75785e+25
1.17418e+26 2.34835e+26 3.75785e+25
1.17418e+26 2.34835e+26 3.75785e+25
1.17418e+26 2.34835e+26 3.75785e+25
1.17418e+26 2.34835e+26 3.75785e+25
1.17418e+26 2.34835e+26 3.75785e+25
1.17418e+26 2.34835e+26 3.75785e+25
1.17418e+26 2.34835e+26 3.75785e+25
1.17418e+26 2.34835e+26 3.75785e+25
1.17418e+26 2.34835e+26 3.75785e+25
1.17418e+26 2.34835e+26 3.75785e+25
1.17418e+26 2.34835e+26 3.75785e+25
1.17418e+26 2.34835e+26 3.75785e+25
1.17418e+26 2.34835e+26 3.75785e+25
1.17418e+26 2.34835e+26 3.75785e+25
1.17418e+26 2.34835e+26 3.75785e+25
1.17418e+26 2.34835e+26 3.75785e+25
1.17418e+26 2.34835e+26 3.75785e+25
1.17418e+26 2.34835e+26 3.75785e+25
1.17418e+26 2.34835e+26 3.75785e+25
1.17418e+26 2.34835e+26 3.75785e+25
1.17418e+26 2.34835e+26 3.75785e+25
1.17418e+26 2.34835e+26 3.75785e+25
1.17418e+26 2.34835e+26 3.75785e+25
1.17418e+26 2.34835e+26 3.75785e+25
1.17418e+26 2.34835e+26 3.75785e+25
1.17418e+26 2.34835e+26 3.75785e+25
1.17418e+26 2.34835e+26 3.75785e+25
1.17418e+26 2.34835e+26 3.75785e+25
1.17418e+26 2.34835e+26 3.75785e+25
1.17418e+26 2.34835e+26 3.75785e+25
1.17418e+26 2.34835e+26 3.75785e+25
1.17418e+26 2.34835e+26 3.75785e+25
1.17418e+26 2.34835e+26 3.75785e+25
1.17418e+26 2.34835e+26 3.75785e+25
1.17418e+26 2.34835e+26 3.75785e+25
1.17418e+26 2.34835e+26 3.75785e+25
1.17418e+26 2.34835e+26 3.75785e+25
1.17418e+26 2.34835e+26 3.75785e+25
1.17418e+26 2.34835e+26 3.75785e+25
1.17418e+26 2.34835e+26 3.75785e+25
1.17418e+26 2.34835e+26 3.75785e+25
1.17418e+26 2.34835e+26 3.75785e+25
1.17418e+26 2.34835e+26 3.75785e+25
1.17418e+26 2.34835e+26 3.75785e+25
1.17418e+26 2.34835e+26 3.75785e+25
1.17418e+26 2.34835e+26 3.75785e+25
1.17418e+26 2.34835e+26 3.75785e+25
1.17418e+26 2.34835e+26 3.75785e+25
1.17418e+26 2.34835e+26 3.75785e+25
1.17418e+26 2.34835e+26 3.75785e+25
1.17418e+26 2.34835e+26 3.75785e+25
1.17418e+26 2.34835e+26 3.75785e+25
1.17418e+26 2.34835e+26 3.75785e+25
1.17418e+26 2.34835e+26 3.75785e+25
1.17418e+26 2.34835e+26 3.75785e+25
1.17418e+26 2.34835e+26 3.75785e+25
1.17418e+26 2.34835e+26 3.75785e+25
1.17418e+26 2.34835e+26 3.75785e+25
1.17418e+26 2.34835e+26 3.75785e+25
1.17418e+26 2.34835e+26 3.75785e+25
1.17418e+26 2.34835e+26 3.75785e+25
1.17418e+26 2.34835e+26 3.75785e+25
1.17418e+26 2.34835e+26 3.75785e+25
1.17418e+26 2.34835e+26 3.75785e+25
1.17418e+26 2.34835e+26 3.75785e+25
1.17418e+26 2.34835e+26 3.75785e+25
1.17418e+26 2.34835e+26 3.75785e+25
1.17418e+26 2.34835e+26 3.75785e+25
1.17418e+26 2.34835e+26 3.75785e+25
1.17418e+26 2.34835e+26 3.75785e+25
1.17418e+26 2.34835e+26 3.75785e+25
1.17418e+26 2.34835e+26 3.75785e+25
1.17418e+26 2.34835e+26 3.75785e+25
1.17418e+26 2.34835e+26 3.75785e+25
1.17418e+26 2.34835e+26 3.75785e+25
1.17418e+26 2.34835e+26 3.75785e+25
1.17418e+26 2.34835e+26 3.75785e+25
1.17418e+26 2.34835e+26 3.75785e+25
1.17418e+26 2.34835e+26 3.75785e+25
1.17418e+26 2.34835e+26 3.75785e+25
1.17418e+26 2.34835e+26 3.75785e+25
1.17418e+26 2.34835e+26 3.75785e+25
1.17418e+26 2.34835e+26 3.75785e+25
1.17418e+26 2.34835e+26 3.75785e+25
1.17418e+26 2.34835e+26 3.75785e+25
1.17418e+26 2.34835e+26 3.75785e+25
1.17418e+26 2.34835e+26 3.75785e+25
1.17418e+26 2.34835e+26 3.75785e+25
1.17418e+26 2.34835e+26 3.75785e+25
1.17418e+26 2.34835e+26 3.75785e+25
1.17418e+26 2.34835e+26 3.75785e+25
1.17418e+26 2.34835e+26 3.75785e+25
1.17418e+26 2.34835e+26 3.75785e+25
1.17418e+26 2.34835e+26 3.75785e+25
1.17418e+26 2.34835e+26 3.75785e+25
1.17418e+26 2.34835e+26 3.75785e+25
1.17418e+26 2.34835e+26 3.75785e+25
1.17418e+26 2.34835e+26 3.75785e+25
1.17418e+26 2.34835e+26 3.75785e+25
1.17418e+26 2.34835e+26 3.75785e+25
1.17418e+26 2.34835e+26 3.75785e+25
1.17418e+26 2.34835e+26 3.75785e+25
1.17418e+26 2.34835e+26 3.75785e+25
1.17418e+26 2.34835e+26 3.75785e+25
1.17418e+26 2.34835e+26 3.75785e+25
1.17418e+26 2.34835e+26 3.75785e+25
1.17418e+26 2.34835e+26 3.75785e+25
1.17418e+26 2.34835e+26 3.75785e+25
1.17418e+26 2.34835e+26 3.75785e+25
1.17418e+26 2.34835e+26 3.75785e+25
1.17418e+26 2.34835e+26 3.75785e+25
1.17418e+26 2.34835e+26 3.75785e+25
1.17418e+26 2.34835e+26 3.75785e+25
1.17418e+26 2.34835e+26 3.75785e+25
1.17418e+26 2.34835e+26 3.75785e+25
1.17418e+26 2.34835e+26 3.75785e+25
1.17418e+26 2.34835e+26 3.75785e+25
1.17418e+26 2.34835e+26 3.75785e+25
1.17418e+26 2.34835e+26 3.75785e+25
1.17418e+26 2.34835e+26 3.75785e+25
1.17418e+26 2.34835e+26 3.75785e+25
1.17418e+26 2.34835e+26 3.75785e+25
1.17418e+26 2.34835e+26 3.75785e+25
1.17418e+26 2.34835e+26 3.75785e+25
1.17418e+26 2.34835e+26 3.75785e+25
1.17418e+26 2.34835e+26 3.75785e+25
1.17418e+26 2.34835e+26 3.75785e+25
1.17418e+26 2.34835e+26 3.75785e+25
1.17418e+26 2.34835e+26 3.75785e+25
1.17418e+26 2.34835e+26 3.75785e+25
1.17418e+26 2.34835e+26 3.75785e+25
1.17418e+26 2.34835e+26 3.75785e+25
1.17418e+26 2.34835e+26 3.75785e+25
1.17418e+26 2.34835e+26 3.75785e+25
1.17418e+26 2.34835e+26 3.75785e+25
1.17418e+26 2.34835e+26 3.75785e+25
1.17418e+26 2.34835e+26 3.75785e+25
1.17418e+26 2.34835e+26 3.75785e+25
1.17418e+26 2.34835e+26 3.75785e+25
1.17418e+26 2.34835e+26 3.75785e+25
1.17418e+26 2.34835e+26 3.75785e+25
1.17418e+26 2.34835e+26 3.75785e+25
1.17418e+26 2.34835e+26 3.75785e+25
1.17418e+26 2.34835e+26 3.75785e+25
1.17418e+26 2.34835e+26 3.75785e+25
1.17418e+26 2.34835e+26 3.75785e+25
1.17418e+26 2.34835e+26 3.75785e+25
1.17418e+26 2.34835e+26 3.75785e+25
1.17418e+26 2.34835e+26 3.75785e+25
1.17418e+26 2.34835e+26 3.75785e+25
1.17418e+26 2.34835e+26 3.75785e+25
1.17418e+26 2.34835e+26 3.75785e+25
1.17418e+26 2.34835e+26 3.75785e+25
1.17418e+26 2.34835e+26 3.75785e+25
1.17418e+26 2.34835e+26 3.75785e+25
1.17418e+26 2.34835e+26 3.75785e+25
1.17418e+26 2.34835e+26 3.75785e+25
1.17418e+26 2.34835e+26 3.75785e+25
1.17418e+26 2.34835e+26 3.75785e+25
1.17418e+26 2.34835e+26 3.75785e+25
1.17418e+26 2.34835e+26 3.75785e+25
1.17418e+26 2.34835e+26 3.75785e+25
1.17418e+26 2.34835e+26 3.75785e+25
1.17418e+26 2.34835e+26 3.75785e+25
1.17418e+26 2.34835e+26 3.75785e+25
1.17418e+26 2.34835e+26 3.75785e+25
1.17418e+26 2.34835e+26 3.75785e+25
1.17418e+26 2.34835e+26 3.75785e+25
1.17418e+26 2.34835e+26 3.75785e+25
1.17418e+26 2.34835e+26 3.75785e+25
1.17418e+26 2.34835e+26 3.75785e+25
1.17418e+26 2.34835e+26 3.75785e+25
1.17418e+26 2.34835e+26 3.75785e+25
1.17418e+26 2.34835e+26 3.75785e+25
1.17418e+26 2.34835e+26 3.75785e+25
1.17418e+26 2.34835e+26 3.75785e+25
1.17418e+26 2.34835e+26 3.75785e+25
1.17418e+26 2.34835e+26 3.75785e+25
1.17418e+26 2.34835e+26 3.75785e+25
1.17418e+26 2.34835e+26 3.75785e+25
1.17418e+26 2.34835e+26 3.75785e+25
1.17418e+26 2.34835e+26 3.75785e+25
1.17418e+26 2.34835e+26 3.75785e+25
1.17418e+26 2.34835e+26 3.75785e+25
1.17418e+26 2.34835e+26 3.75785e+25
1.17418e+26 2.34835e+26 3.75785e+25
1.17418e+26 2.34835e+26 3.75785e+25
1.17418e+26 2.34835e+26 3.75785e+25
1.17418e+26 2.34835e+26 3.75785e+25
1.17418e+26 2.34835e+26 3.75785e+25
1.17418e+26 2.34835e+26 3.75785e+25
1.17418e+26 2.34835e+26 3.75785e+25
1.17418e+26 2.34835e+26 3.75785e+25
1.17418e+26 2.34835e+26 3.75785e+25
1.17418e+26 2.34835e+26 3.75785e+25
1.17418e+26 2.34835e+26 3.75785e+25
1.17418e+26 2.34835e+26 3.75785e+25
1.17418e+26 2.34835e+26 3.75785e+25
1.17418e+26 2.34835e+26 3.75785e+25
1.17418e+26 2.34835e+26 3.75785e+25
1.17418e+26 2.34835e+26 3.75785e+25
1.17418e+26 2.34835e+26 3.75785e+25
1.17418e+26 2.34835e+26 3.75785e+25
1.17418e+26 2.34835e+26 3.75785e+25
1.17418e+26 2.34835e+26 3.75785e+25
1.17418e+26 2.34835e+26 3.75785e+25
1.17418e+26 2.34835e+26 3.75785e+25
1.17418e+26 2.34835e+26 3.75785e+25
1.17418e+26 2.34835e+26 3.75785e+25
1.17418e+26 2.34835e+26 3.75785e+25
1.17418e+26 2.34835e+26 3.75785e+25
1.17418e+26 2.34835e+26 3.75785e+25
1.17418e+26 2.34835e+26 3.75785e+25
1.17418e+26 2.34835e+26 3.75785e+25
1.17418e+26 2.34835e+26 3.75785e+25
1.17418e+26 2.34835e+26 3.75785e+25
1.17418e+26 2.34835e+26 3.75785e+25
1.17418e+26 2.34835e+26 3.75785e+25
1.17418e+26 2.34835e+26 3.75785e+25
1.17418e+26 2.34835e+26 3.75785e+25
1.17418e+26 2.34835e+26 3.75785e+25
1.17418e+26 2.34835e+26 3.75785e+25
1.17418e+26 2.34835e+26 3.75785e+25
1.17418e+26 2.34835e+26 3.75785e+25
1.17418e+26 2.34835e+26 3.75785e+25
1.17418e+26 2.34835e+26 3.75785e+25
1.17418e+26 2.34835e+26 3.75785e+25
1.17418e+26 2.34835e+26 3.75785e+25
1.17418e+26 2.34835e+26 3.75785e+25
1.17418e+26 2.34835e+26 3.75785e+25
1.17418e+26 2.34835e+26 3.75785e+25
1.17418e+26 2.34835e+26 3.75785e+25
1.17418e+26 2.34835e+26 3.75785e+25
1.17418e+26 2.34835e+26 3.75785e+25
1.17418e+26 2.34835e+26 3.75785e+25
1.17418e+26 2.34835e+26 3.75785e+25
1.17418e+26 2.34835e+26 3.75785e+25
1.17418e+26 2.34835e+26 3.75785e+25
1.17418e+26 2.34835e+26 3.75785e+25
1.17418e+26 2.34835e+26 3.75785e+25
1.17418e+26 2.34835e+26 3.75785e+25
1.17418e+26 2.34835e+26 3.75785e+25
1.17418e+26 2.34835e+26 3.75785e+25
1.17418e+26 2.34835e+26 3.75785e+25
1.17418e+26 2.34835e+26 3.75785e+25
1.17418e+26 2.34835e+26 3.75785e+25
1.17418e+26 2.34835e+26 3.75785e+25
1.17418e+26 2.34835e+26 3.75785e+25
1.17418e+26 2.34835e+26 3.75785e+25
1.17418e+26 2.34835e+26 3.75785e+25
1.17418e+26 2.34835e+26 3.75785e+25
1.17418e+26 2.34835e+26 3.75785e+25
1.17418e+26 2.34835e+26 3.75785e+25
1.17418e+26 2.34835e+26 3.75785e+25
1.17418e+26 2.34835e+26 3.75785e+25
1.17418e+26 2.34835e+26 3.75785e+25
1.17418e+26 2.34835e+26 3.75785e+25
1.17418e+26 2.34835e+26 3.75785e+25
1.17418e+26 2.34835e+26 3.75785e+25
1.17418e+26 2.34835e+26 3.75785e+25
1.17418e+26 2.34835e+26 3.75785e+25
1.17418e+26 2.34835e+26 3.75785e+25
1.17418e+26 2.34835e+26 3.75785e+25
1.17418e+26 2.34835e+26 3.75785e+25
1.17418e+26 2.34835e+26 3.75785e+25
1.17418e+26 2.34835e+26 3.75785e+25
1.17418e+26 2.34835e+26 3.75785e+25
1.17418e+26 2.34835e+26 3.75785e+25
1.17418e+26 2.34835e+26 3.75785e+25
1.17418e+26 2.34835e+26 3.75785e+25
1.17418e+26 2.34835e+26 3.75785e+25
1.17418e+26 2.34835e+26 3.75785e+25
1.17418e+26 2.34835e+26 3.75785e+25
1.17418e+26 2.34835e+26 3.75785e+25
1.17418e+26 2.34835e+26 3.75785e+25
1.17418e+26 2.34835e+26 3.75785e+25
1.17418e+26 2.34835e+26 3.75785e+25
1.17418e+26 2.34835e+26 3.75785e+25
1.17418e+26 2.34835e+26 3.75785e+25
1.17418e+26 2.34835e+26 3.75785e+25
1.17418e+26 2.34835e+26 3.75785e+25
1.17418e+26 2.34835e+26 3.75785e+25
1.17418e+26 2.34835e+26 3.75785e+25
1.17418e+26 2.34835e+26 3.75785e+25
1.17418e+26 2.34835e+26 3.75785e+25
1.17418e+26 2.34835e+26 3.75785e+25
1.17418e+26 2.34835e+26 3.75785e+25
1.17418e+26 2.34835e+26 3.75785e+25
1.17418e+26 2.34835e+26 3.75785e+25
1.17418e+26 2.34835e+26 3.75785e+25
1.17418e+26 2.34835e+26 3.75785e+25
1.17418e+26 2.34835e+26 3.75785e+25
1.17418e+26 2.34835e+26 3.75785e+25
1.17418e+26 2.34835e+26 3.75785e+25
1.17418e+26 2.34835e+26 3.75785e+25
1.17418e+26 2.34835e+26 3.75785e+25
1.17418e+26 2.34835e+26 3.75785e+25
1.17418e+26 2.34835e+26 3.75785e+25
1.17418e+26 2.34835e+26 3.75785e+25
1.17418e+26 2.34835e+26 3.75785e+25
1.17418e+26 2.34835e+26 3.75785e+25
1.17418e+26 2.34835e+26 3.75785e+25
1.17418e+26 2.34835e+26 3.75785e+25
1.17418e+26 2.34835e+26 3.75785e+25
1.17418e+26 2.34835e+26 3.75785e+25
1.17418e+26 2.34835e+26 3.75785e+25
1.17418e+26 2.34835e+26 3.75785e+25
1.17418e+26 2.34835e+26 3.75785e+25
1.17418e+26 2.34835e+26 3.75785e+25
1.17418e+26 2.34835e+26 3.75785e+25
1.17418e+26 2.34835e+26 3.75785e+25
