1 0.12083
0.9854 0.239897
0.956723 0.355536
0.914655 0.466199
0.860027 0.570461
0.793795 0.667024
0.717018 0.754728
0.63085 0.832546
0.536518 0.89959
0.435313 0.95511
0.328578 0.998496
0.217694 1.02928
0.104074 1.04712
-0.0108514 1.05183
-0.125641 1.04336
-0.238854 1.0218
-0.349062 0.987394
-0.45486 0.940507
-0.554877 0.881666
-0.647788 0.811537
-0.732334 0.730926
-0.80733 0.640785
-0.871685 0.542197
-0.924418 0.43638
-0.964674 0.324674
-0.991746 0.20853
-1.00509 0.0894988
-1.00433 -0.0307877
-0.9893 -0.150637
-0.960032 -0.268318
-0.916778 -0.382089
-0.860011 -0.490229
-0.790428 -0.591064
-0.708949 -0.683003
-0.616704 -0.76457
-0.515021 -0.834437
-0.405405 -0.891449
-0.289511 -0.934658
-0.169117 -0.963337
-0.046087 -0.977003
0.0776622 -0.975423
0.2002 -0.958623
0.319617 -0.926884
0.434066 -0.880737
0.541791 -0.820946
0.64116 -0.748494
0.730693 -0.664559
0.809081 -0.570488
0.87521 -0.467773
0.928169 -0.358019
0.967262 -0.242917
0.992011 -0.124212
1.00216 -0.00367921
0.997665 0.116907
0.978699 0.235798
0.945635 0.351292
0.899039 0.46176
0.839656 0.565659
0.768399 0.66156
0.686331 0.748153
0.594651 0.824267
0.494675 0.888882
0.38782 0.941137
0.275587 0.980339
0.159538 1.00597
0.0412842 1.01769
-0.0775404 1.01536
-0.195294 0.998987
-0.310347 0.968807
-0.421103 0.925215
-0.52602 0.868793
-0.623626 0.800295
-0.712541 0.720644
-0.791495 0.630919
-0.859346 0.532344
-0.915099 0.426273
-0.957918 0.314179
-0.987143 0.197625
-1.0023 0.0782554
-1.00312 -0.042234
-0.98952 -0.162117
-0.961648 -0.279661
-0.91985 -0.393154
-0.864682 -0.500934
-0.796903 -0.601407
-0.717465 -0.693082
-0.6275 -0.774588
-0.528306 -0.844701
-0.421326 -0.902365
-0.308126 -0.946708
-0.190371 -0.977056
-0.0698002 -0.99295
0.0518042 -0.994145
0.172642 -0.980624
0.290924 -0.95259
0.404904 -0.910467
0.512901 -0.854892
0.61333 -0.786702
0.704721 -0.70692
0.785747 -0.61674
0.855238 -0.517506
0.912201 -0.410692
0.95583 -0.297874
0.985521 -0.180713
1.00087 -0.0609221
1.0017 0.0597527
0.988017 0.179562
0.960061 0.296777
0.918262 0.409714
0.863252 0.516755
0.795845 0.616375
0.717028 0.707159
0.627948 0.787821
0.529892 0.857221
0.42427 0.914382
0.312596 0.9585
0.196467 0.988955
0.0775378 1.00532
-0.0424955 1.00737
-0.161924 0.995065
-0.279045 0.96859
-0.392191 0.928314
-0.499745 0.874804
-0.600171 0.808815
-0.692028 0.731279
-0.773995 0.643292
-0.84489 0.546102
-0.903685 0.441091
-0.949521 0.329755
-0.981723 0.213685
-0.999812 0.0945419
-1.00351 -0.0259618
-0.992739 -0.146091
-0.967641 -0.264112
-0.928561 -0.378317
-0.876046 -0.487048
-0.810843 -0.588724
-0.733884 -0.681866
-0.646275 -0.765112
-0.549281 -0.837246
-0.444304 -0.897213
-0.332866 -0.944133
-0.216585 -0.977319
-0.0971528 -0.996282
0.0236935 -1.00074
0.144195 -0.990639
0.262598 -0.966116
0.377179 -0.927532
0.486272 -0.875454
0.588294 -0.810644
0.681763 -0.734049
0.765326 -0.646789
0.837777 -0.550137
0.89807 -0.445501
0.945339 -0.334406
0.97891 -0.218464
0.998305 -0.0993584
1.00325 0.0211846
0.993699 0.141421
0.969785 0.259615
0.931869 0.374059
0.880507 0.483107
0.816447 0.585188
0.740622 0.678835
0.654128 0.762705
0.558216 0.835593
0.45427 0.896454
0.343788 0.944418
0.228361 0.978798
0.10965 0.999101
-0.0106373 1.00504
-0.130772 0.996523
-0.249026 0.973679
-0.363699 0.936834
-0.473142 0.886514
-0.575778 0.823442
-0.67013 0.748522
-0.754836 0.662829
-0.828675 0.567592
-0.890579 0.464181
-0.939651 0.354082
-0.97518 0.238879
-0.996646 0.120231
-1.00374 -0.00015052
-0.996339 -0.12053
-0.974558 -0.23917
-0.938701 -0.354355
-0.889281 -0.46442
-0.827007 -0.567772
-0.752776 -0.662916
-0.667658 -0.748471
-0.572881 -0.823199
-0.469814 -0.886014
-0.359947 -0.936007
-0.244871 -0.972451
-0.126249 -0.994817
-0.00579943 -1.00278
0.114734 -0.996225
0.233606 -0.975246
0.349096 -0.940148
0.459533 -0.89144
0.563318 -0.829828
0.658949 -0.756206
0.745046 -0.671641
0.820362 -0.577359
0.883812 -0.474725
0.93448 -0.365225
0.971636 -0.250445
0.994747 -0.132044
1.00348 -0.0117346
0.997716 0.108744
0.977538 0.227652
0.943242 0.343272
0.895326 0.453936
0.834485 0.558046
0.7616 0.654101
0.677723 0.740717
0.584068 0.816646
0.481986 0.880792
0.372951 0.932232
0.258537 0.970226
0.140394 0.994226
0.0202259 1.00389
-0.100234 0.999068
-0.219248 0.979841
-0.3351 0.946482
-0.446119 0.899472
-0.550703 0.839489
-0.647343 0.767395
-0.734645 0.684231
-0.811347 0.591195
-0.876342 0.489628
-0.928691 0.380996
-0.967636 0.266865
-0.992614 0.148882
-1.00326 0.0287492
-0.999424 -0.0917984
-0.981155 -0.21102
-0.948715 -0.327195
-0.902573 -0.438643
-0.843392 -0.543755
-0.772026 -0.641012
-0.689507 -0.729006
-0.597024 -0.806467
-0.495913 -0.872274
-0.387636 -0.925475
-0.273756 -0.9653
-0.155919 -0.991174
-0.0358296 -1.00272
0.0847782 -0.999776
0.204161 -0.98238
0.320592 -0.950786
0.43239 -0.905449
0.537939 -0.847026
0.635713 -0.776361
0.7243 -0.694476
0.80242 -0.602556
0.868945 -0.501929
0.922915 -0.394049
0.963551 -0.280477
0.990266 -0.162852
1.00268 -0.0428742
1.0006 0.0777226
0.984075 0.197197
0.953336 0.313823
0.908829 0.425917
0.851198 0.53186
0.781275 0.630123
0.700072 0.719288
0.60876 0.798068
0.50866 0.865325
0.401215 0.920089
0.287979 0.96157
0.170585 0.989169
0.0507284 1.00249
-0.0698605 1.00134
-0.189441 0.985728
-0.306286 0.95589
-0.41871 0.912253
-0.525089 0.855445
-0.623888 0.786288
-0.71368 0.705779
-0.793167 0.615081
-0.861203 0.515502
-0.916804 0.408479
-0.959168 0.295559
-0.987681 0.178371
-1.00193 0.0586068
-1.00171 -0.0620035
-0.987029 -0.181718
-0.95809 -0.298809
-0.915314 -0.411584
-0.859317 -0.518414
-0.790909 -0.617756
-0.711076 -0.708176
-0.620973 -0.788366
-0.521899 -0.857168
-0.415286 -0.913588
-0.302675 -0.956811
-0.185691 -0.986212
-0.0660244 -1.00137
0.0545958 -1.00205
0.174427 -0.988268
0.291739 -0.960204
0.404836 -0.918269
0.512085 -0.86307
0.611937 -0.795402
0.702949 -0.716245
0.783807 -0.626741
0.853343 -0.528184
0.910552 -0.421998
0.954609 -0.309716
0.984878 -0.192961
1.00092 -0.0734184
1.00251 0.0471844
0.989616 0.167106
0.962431 0.284614
0.921347 0.398011
0.866956 0.50566
0.800044 0.606007
0.721579 0.697602
0.632694 0.779123
0.534672 0.849392
0.428928 0.907396
0.316991 0.952296
0.200476 0.983444
0.0810657 1.00039
-0.0395149 1.00289
-0.159525 0.990911
-0.277231 0.96462
-0.390934 0.9244
-0.498992 0.870831
-0.599844 0.804687
-0.692034 0.726923
-0.77423 0.638661
-0.845246 0.541176
-0.904055 0.435876
-0.949808 0.324281
-0.981845 0.208004
-0.999702 0.0887222
-1.00312 -0.0318408
-0.992055 -0.151944
-0.96666 -0.269853
-0.927304 -0.383864
-0.874555 -0.492331
-0.809176 -0.593688
-0.732109 -0.68647
-0.644469 -0.769338
-0.54752 -0.841093
-0.442663 -0.900701
-0.331413 -0.947299
-0.215376 -0.980215
-0.0962286 -0.998973
0.024309 -1.0033
0.144495 -0.993141
0.262595 -0.968635
0.376902 -0.930138
0.485764 -0.878207
0.587611 -0.813592
0.680971 -0.737225
0.764495 -0.650211
0.836977 -0.553805
0.897371 -0.449401
0.944804 -0.338505
0.978591 -0.222721
0.998245 -0.10372
1.00348 0.0167786
0.994224 0.137035
0.970608 0.255313
0.932974 0.369903
0.881866 0.47915
0.818022 0.581478
0.742364 0.675408
0.655984 0.759584
0.560131 0.83279
0.456188 0.893969
0.345657 0.942237
0.230134 0.976897
0.111288 0.997449
-0.00916593 1.0036
-0.129487 0.99525
-0.247938 0.97253
-0.362809 0.935766
-0.47244 0.885487
-0.575248 0.82242
-0.669748 0.747476
-0.754576 0.661736
-0.828506 0.56644
-0.890471 0.462964
-0.939576 0.352801
-0.975112 0.237543
-0.996564 0.118855
-1.00362 -0.00155038
-0.996189 -0.121933
-0.974367 -0.240555
-0.938473 -0.355702
-0.889025 -0.465712
-0.826737 -0.568997
-0.752509 -0.664063
-0.667413 -0.749539
-0.572677 -0.824189
-0.469671 -0.886936
-0.359881 -0.936873
-0.244893 -0.973279
-0.126369 -0.995628
-0.00601946 -1.0036
0.114417 -0.997072
0.233201 -0.976146
0.348617 -0.941122
0.458998 -0.892506
0.56275 -0.830999
0.658374 -0.757491
0.744489 -0.673042
0.819852 -0.578872
0.883374 -0.476342
0.934138 -0.366933
0.97141 -0.252224
0.994653 -0.133872
1.00353 -0.0135871
0.997915 0.106894
0.977886 0.225832
0.943735 0.341508
0.895953 0.452252
0.835232 0.556464
0.762449 0.65264
0.678653 0.73939
0.585057 0.815461
0.483011 0.879755
0.373989 0.931344
0.259566 0.969482
0.141394 0.993618
0.0211798 1.0034
-0.0993399 0.9987
-0.218425 0.979571
-0.334356 0.946296
-0.445457 0.899353
-0.550126 0.839423
-0.646849 0.767368
-0.73423 0.684232
-0.811007 0.591213
-0.876072 0.489656
-0.928484 0.381027
-0.967487 0.266896
-0.992516 0.14891
-1.00321 0.0287726
-0.999419 -0.0917798
-0.981191 -0.211007
-0.948793 -0.327186
-0.902692 -0.43864
-0.843554 -0.543759
-0.772233 -0.641025
-0.689759 -0.729033
-0.597323 -0.806512
-0.496261 -0.872342
-0.388031 -0.925574
-0.274196 -0.965439
-0.156402 -0.991359
-0.0363492 -1.00296
0.0842288 -1.00008
0.20359 -0.982754
0.320012 -0.951235
0.431811 -0.905977
0.537374 -0.847635
0.635176 -0.777051
0.723804 -0.695244
0.801979 -0.603396
0.868571 -0.502834
0.922619 -0.395009
0.963342 -0.281479
0.990152 -0.163885
1.00266 -0.0439229
1.00069 0.0766732
0.984267 0.196162
0.953628 0.312818
0.909216 0.424955
0.851674 0.530956
0.78183 0.629288
0.700696 0.718532
0.609442 0.797398
0.509385 0.864748
0.401973 0.919609
0.288754 0.961189
0.171366 0.988887
0.0515022 1.0023
-0.0691051 1.00124
-0.188714 0.985723
-0.305598 0.955967
-0.418068 0.912405
-0.524501 0.855665
-0.623358 0.786567
-0.713213 0.706109
-0.792767 0.615454
-0.860871 0.51591
-0.916543 0.408915
-0.958977 0.296014
-0.987562 0.178838
-1.00188 0.0590792
-1.00174 -0.0615329
-0.98712 -0.181256
-0.958249 -0.298362
-0.915537 -0.411158
-0.859604 -0.518017
-0.791255 -0.617394
-0.711479 -0.707854
-0.621427 -0.788091
-0.522401 -0.856946
-0.415829 -0.913425
-0.303252 -0.956712
-0.186295 -0.986181
-0.0666482 -1.00141
0.0539617 -1.00217
0.173792 -0.988461
0.291113 -0.960475
0.404229 -0.918617
0.511507 -0.863493
0.611398 -0.795897
0.702458 -0.716807
0.783373 -0.627364
0.852975 -0.52886
0.910257 -0.422719
0.954393 -0.310472
0.984746 -0.193742
1.00088 -0.074213
1.00255 0.0463876
0.989747 0.166318
0.962648 0.283847
0.921647 0.397276
0.867334 0.504967
0.800496 0.605366
0.722096 0.697021
0.633267 0.77861
0.535293 0.848954
0.429587 0.907037
0.317677 0.95202
0.201179 0.983254
0.0817761 1.00029
-0.0388082 1.00287
-0.158832 0.990976
-0.276562 0.964767
-0.390298 0.924624
-0.498397 0.871127
-0.599298 0.805049
-0.691543 0.727344
-0.773801 0.639135
-0.844883 0.541695
-0.903764 0.436431
-0.949591 0.324864
-0.981705 0.208606
-0.99964 0.0893349
-1.00314 -0.0312266
-0.992148 -0.151337
-0.966829 -0.269262
-0.927547 -0.383298
-0.874869 -0.491798
-0.809555 -0.593195
-0.73255 -0.686026
-0.644964 -0.768948
-0.548064 -0.840765
-0.443249 -0.900439
-0.332032 -0.947109
-0.216019 -0.9801
-0.096887 -0.998936
0.0236446 -1.00334
0.143835 -0.993263
0.261947 -0.968836
0.376277 -0.930417
0.485172 -0.87856
0.58706 -0.814015
0.68047 -0.737713
0.764052 -0.650757
0.836599 -0.554402
0.897064 -0.450041
0.944573 -0.33918
0.978439 -0.22342
0.998175 -0.104433
1.0035 0.0160613
0.994322 0.136324
0.970788 0.254618
0.933234 0.369235
0.882202 0.478519
0.818429 0.580892
0.742835 0.674875
0.656513 0.759112
0.56071 0.832385
0.456808 0.893637
0.346309 0.941982
0.230809 0.976723
0.111975 0.997358
-0.00847629 1.00359
-0.128805 0.995324
-0.247273 0.972685
-0.362171 0.935999
-0.471837 0.885794
-0.574689 0.822796
-0.669242 0.747915
-0.754128 0.662232
-0.828124 0.566985
-0.890159 0.463549
-0.939338 0.353419
-0.974951 0.238184
-0.996483 0.11951
-1.00362 -0.000890742
-0.996269 -0.121278
-0.974526 -0.239915
-0.938709 -0.355086
-0.889334 -0.465129
-0.827116 -0.568454
-0.752951 -0.66357
-0.667913 -0.749102
-0.573228 -0.823815
-0.470264 -0.88663
-0.360508 -0.93664
-0.245546 -0.973123
-0.127038 -0.995551
-0.00669439 -1.0036
0.113745 -0.997157
0.232543 -0.976312
0.347981 -0.941366
0.458394 -0.892824
0.562187 -0.831388
0.65786 -0.757945
0.744032 -0.673555
0.819459 -0.579437
0.88305 -0.476951
0.933889 -0.367577
0.971239 -0.252894
0.994563 -0.134558
1.00352 -0.0142791
0.997988 0.106206
0.978041 0.225157
0.943969 0.340857
0.896263 0.451633
0.835613 0.555887
0.762895 0.652113
0.679159 0.73892
0.585614 0.815056
0.483612 0.87942
0.374625 0.931084
0.260227 0.9693
0.142071 0.993517
0.0218633 1.00339
-0.0986603 0.998763
-0.217759 0.979715
-0.333713 0.946518
-0.444847 0.899651
-0.549556 0.839791
-0.646328 0.767802
-0.733766 0.684724
-0.810607 0.591758
-0.87574 0.490244
-0.928226 0.381651
-0.967306 0.267545
-0.992415 0.149576
-1.00319 0.0294462
-0.99948 -0.0911088
-0.981333 -0.210348
-0.949013 -0.326549
-0.902987 -0.438034
-0.84392 -0.543193
-0.772665 -0.640507
-0.690251 -0.72857
-0.597867 -0.806111
-0.496849 -0.87201
-0.388655 -0.925315
-0.274849 -0.965256
-0.157072 -0.991256
-0.0370273 -1.00294
0.0835523 -1.00014
0.202925 -0.982895
0.319367 -0.951454
0.431197 -0.906272
0.536799 -0.848002
0.634649 -0.777484
0.723333 -0.695737
0.80157 -0.603943
0.86823 -0.503425
0.922351 -0.395638
0.963151 -0.282136
0.990041 -0.164559
1.00263 -0.0446063
1.00074 0.0759911
0.9844 0.195491
0.953841 0.312167
0.909505 0.424335
0.852035 0.530375
0.782258 0.628755
0.701184 0.718054
0.609983 0.796982
0.509973 0.8644
0.402597 0.919334
0.289407 0.960991
0.172037 0.988769
0.0521828 1.00227
-0.0684254 1.00129
-0.188045 0.98585
-0.304949 0.956173
-0.417449 0.912686
-0.52392 0.856019
-0.622825 0.786988
-0.712734 0.706591
-0.792349 0.61599
-0.860521 0.516492
-0.916265 0.409534
-0.958776 0.296662
-0.98744 0.179505
-1.00184 0.0597563
-1.00178 -0.0608558
-0.987243 -0.180589
-0.95845 -0.297714
-0.915815 -0.410539
-0.859954 -0.517436
-0.791673 -0.616859
-0.711958 -0.707373
-0.62196 -0.787671
-0.522981 -0.856593
-0.416447 -0.913144
-0.3039 -0.956507
-0.186963 -0.986055
-0.0673264 -1.00136
0.0532828 -1.00221
0.173122 -0.988579
0.290462 -0.960673
0.403606 -0.918892
0.510921 -0.86384
0.610858 -0.796312
0.701972 -0.717284
0.782948 -0.627896
0.852616 -0.52944
0.909971 -0.423337
0.954183 -0.31112
0.984614 -0.19441
1.00083 -0.0748926
1.00258 0.0457067
0.98986 0.165646
0.962841 0.283193
0.921916 0.39665
0.867677 0.504378
0.800906 0.604822
0.722569 0.696531
0.633795 0.77818
0.535868 0.84859
0.430202 0.906745
0.318323 0.951804
0.201846 0.983117
0.0824546 1.00023
-0.038128 1.0029
-0.15816 0.991083
-0.275908 0.964954
-0.389671 0.924888
-0.497806 0.871464
-0.598752 0.805455
-0.69105 0.727812
-0.773368 0.639659
-0.844516 0.542267
-0.903468 0.437043
-0.949371 0.325508
-0.981563 0.209271
-0.999579 0.0900119
-1.00316 -0.0305471
-0.99225 -0.150665
-0.967011 -0.268607
-0.927806 -0.382669
-0.875202 -0.491205
-0.809957 -0.592647
-0.733014 -0.685529
-0.645485 -0.768511
-0.548634 -0.840394
-0.443859 -0.900139
-0.332673 -0.946884
-0.216683 -0.979953
-0.097564 -0.99887
0.0229645 -1.00336
0.143161 -0.993361
0.261291 -0.969014
0.375646 -0.930672
0.484577 -0.878889
0.586508 -0.814413
0.67997 -0.738175
0.763611 -0.651275
0.836223 -0.55497
0.896758 -0.450649
0.944342 -0.33982
0.978288 -0.224084
0.998104 -0.105111
1.00351 0.0153806
0.994414 0.13565
0.970961 0.25396
0.933485 0.368602
0.882526 0.47792
0.818822 0.580337
0.743293 0.674371
0.657028 0.758667
0.561274 0.832005
0.457414 0.893327
0.346948 0.941747
0.231471 0.976566
0.112651 0.997281
-0.00779581 1.00359
-0.12813 0.995411
-0.246614 0.972853
-0.361536 0.936244
-0.471237 0.886113
-0.574131 0.823185
-0.668734 0.748368
-0.753679 0.662743
-0.827739 0.567546
-0.889844 0.464153
-0.939098 0.354056
-0.974789 0.238845
-0.996402 0.120185
-1.00362 -0.000210558
-0.996351 -0.120603
-0.974689 -0.239254
-0.938949 -0.35445
-0.889649 -0.464526
-0.827501 -0.567893
-0.753401 -0.663059
-0.66842 -0.748649
-0.573786 -0.823426
-0.470865 -0.886311
-0.361143 -0.936395
-0.246206 -0.972956
-0.127712 -0.995465
-0.0073747 -1.0036
0.11307 -0.997234
0.231881 -0.976469
0.347343 -0.941601
0.457789 -0.893135
0.561623 -0.831769
0.657346 -0.758391
0.743575 -0.674059
0.819066 -0.579993
0.882727 -0.47755
0.933639 -0.36821
0.971067 -0.253552
0.994471 -0.135232
1.00351 -0.0149595
0.99806 0.105529
0.978194 0.224494
0.9442 0.340217
0.896569 0.451026
0.83599 0.555321
0.763337 0.651596
0.67966 0.73846
0.586167 0.814659
0.484208 0.879092
0.375256 0.93083
0.260884 0.969123
0.142745 0.993421
0.0225435 1.00337
-0.0979831 0.998829
-0.217095 0.979862
-0.333071 0.946744
-0.444237 0.899952
-0.548986 0.840163
-0.645808 0.76824
-0.733302 0.685222
-0.810205 0.592307
-0.875408 0.490838
-0.927967 0.38228
-0.967124 0.268201
-0.992313 0.150249
-1.00317 0.0301262
-0.999541 -0.0904313
-0.981475 -0.209683
-0.949234 -0.325906
-0.903284 -0.437422
-0.844288 -0.542621
-0.773099 -0.639983
-0.690744 -0.728102
-0.598414 -0.805706
-0.49744 -0.871673
-0.389283 -0.925051
-0.275503 -0.965069
-0.157744 -0.991149
-0.0377072 -1.00292
0.0828743 -1.0002
0.202259 -0.983032
0.318722 -0.95167
0.430583 -0.906564
0.536224 -0.848365
0.634122 -0.777914
0.722861 -0.696228
0.80116 -0.604486
0.867888 -0.504014
0.922083 -0.396263
0.962959 -0.282789
0.989929 -0.165231
1.0026 -0.045286
1.00079 0.0753126
0.984533 0.194823
0.954052 0.311521
0.909793 0.423719
0.852394 0.529797
0.782684 0.628224
0.701671 0.717578
0.610524 0.796568
0.510559 0.864054
0.403221 0.919061
0.290059 0.960795
0.172708 0.988652
0.0528623 1.00223
-0.0677466 1.00133
-0.187377 0.985977
-0.304301 0.956379
-0.416831 0.912969
-0.52334 0.856374
-0.622291 0.78741
-0.712255 0.707074
-0.791931 0.616527
-0.860171 0.517075
-0.915988 0.410155
-0.958575 0.297312
-0.987318 0.180175
-1.0018 0.0604355
-1.00182 -0.0601767
-0.987365 -0.17992
-0.958652 -0.297064
-0.916093 -0.409919
-0.860305 -0.516853
-0.792091 -0.616322
-0.712437 -0.70689
-0.622494 -0.787249
-0.523561 -0.856238
-0.417066 -0.912862
-0.304548 -0.956301
-0.187632 -0.985928
-0.0680052 -1.00132
0.0526033 -1.00224
0.172452 -0.988696
0.28981 -0.96087
0.402983 -0.919165
0.510336 -0.864186
0.610318 -0.796726
0.701486 -0.717759
0.782522 -0.628426
0.852257 -0.530017
0.909683 -0.423954
0.953972 -0.311767
0.984482 -0.195078
1.00077 -0.0755711
1.00261 0.045027
0.989972 0.164975
0.963033 0.28254
0.922185 0.396025
0.868019 0.50379
0.801316 0.604279
0.723041 0.696041
0.634323 0.77775
0.536444 0.848227
0.430817 0.906453
0.318968 0.951588
0.202513 0.98298
0.0831327 1.00017
-0.0374481 1.00292
-0.157488 0.99119
-0.275254 0.96514
-0.389044 0.925152
-0.497215 0.871801
-0.598205 0.80586
-0.690556 0.728281
-0.772934 0.640183
-0.844148 0.542839
-0.903171 0.437655
-0.94915 0.326151
-0.981421 0.209936
-0.999518 0.0906895
-1.00318 -0.0298671
-0.992352 -0.149992
-0.967193 -0.267951
-0.928066 -0.38204
-0.875534 -0.490612
-0.810358 -0.592098
-0.733479 -0.685032
-0.646006 -0.768073
-0.549204 -0.840021
-0.444469 -0.899838
-0.333315 -0.946658
-0.217348 -0.979806
-0.0982411 -0.998804
0.0222843 -1.00338
0.142488 -0.993457
0.260634 -0.969191
0.375015 -0.930926
0.483981 -0.879217
0.585956 -0.81481
0.679469 -0.738635
0.763169 -0.651793
0.835847 -0.555537
0.896453 -0.451257
0.944112 -0.340461
0.978136 -0.224747
0.998033 -0.105787
1.00352 0.0147003
0.994506 0.134975
0.971133 0.253301
0.933734 0.367969
0.88285 0.477322
0.819216 0.579781
0.74375 0.673867
0.657542 0.758221
0.561838 0.831624
0.45802 0.893017
0.347586 0.941512
0.232133 0.976409
0.113327 0.997205
-0.00711544 1.0036
-0.127455 0.995498
-0.245954 0.97302
-0.360901 0.936489
-0.470636 0.886432
-0.573573 0.823574
-0.668227 0.748821
-0.75323 0.663254
-0.827354 0.568107
-0.889529 0.464756
-0.938858 0.354692
-0.974627 0.239506
-0.99632 0.120861
-1.00362 0.00046983
-0.996433 -0.119928
-0.974851 -0.238593
-0.939189 -0.353813
-0.889964 -0.463923
-0.827886 -0.567332
-0.75385 -0.662548
-0.668928 -0.748195
-0.574344 -0.823037
-0.471465 -0.885991
-0.361778 -0.93615
-0.246865 -0.972789
-0.128387 -0.995378
-0.00805507 -1.00359
0.112393 -0.99731
0.231219 -0.976626
0.346705 -0.941837
0.457183 -0.893445
0.561059 -0.83215
0.656832 -0.758836
0.743118 -0.674563
