1.19373e+26 2.36074e+26 1.73541e+26
1.1964e+26 2.36342e+26 1.48841e+26
1.19847e+26 2.3655e+26 1.23454e+26
1.1999e+26 2.36694e+26 9.90087e+25
1.2007e+26 2.36773e+26 7.70699e+25
1.20085e+26 2.36788e+26 5.90379e+25
1.20036e+26 2.3674e+26 4.60575e+25
1.19927e+26 2.36631e+26 3.8945e+25
1.1976e+26 2.36463e+26 3.81365e+25
1.1954e+26 2.36242e+26 4.36616e+25
1.1927e+26 2.35972e+26 5.51449e+25
1.18958e+26 2.35659e+26 7.18336e+25
1.18608e+26 2.35309e+26 9.26487e+25
1.18227e+26 2.34927e+26 1.16257e+26
1.17821e+26 2.34522e+26 1.41155e+26
1.17399e+26 2.34099e+26 1.65768e+26
1.16966e+26 2.33665e+26 1.8854e+26
1.16529e+26 2.33228e+26 2.08029e+26
1.16094e+26 2.32792e+26 2.2299e+26
1.15667e+26 2.32366e+26 2.32442e+26
1.15255e+26 2.31953e+26 2.3572e+26
1.14863e+26 2.31561e+26 2.34725e+26
1.14495e+26 2.31192e+26 2.33935e+26
1.14155e+26 2.30852e+26 2.26926e+26
1.13848e+26 2.30544e+26 2.14303e+26
1.13576e+26 2.30272e+26 1.9696e+26
1.13342e+26 2.30038e+26 1.76027e+26
1.13149e+26 2.29844e+26 1.52807e+26
1.12997e+26 2.29692e+26 1.28698e+26
1.12889e+26 2.29583e+26 1.05124e+26
1.12823e+26 2.29517e+26 8.34583e+25
1.128e+26 2.29494e+26 6.495e+25
1.1282e+26 2.29514e+26 5.06619e+25
1.1288e+26 2.29575e+26 4.14142e+25
1.12981e+26 2.29676e+26 3.77424e+25
1.13119e+26 2.29815e+26 3.98683e+25
1.13293e+26 2.29989e+26 4.76873e+25
1.13498e+26 2.30196e+26 6.07715e+25
1.13733e+26 2.30432e+26 7.83896e+25
1.13994e+26 2.30694e+26 9.95429e+25
1.14276e+26 2.30977e+26 1.23015e+26
1.14576e+26 2.31279e+26 1.47436e+26
1.14889e+26 2.31594e+26 1.71354e+26
1.15211e+26 2.31917e+26 1.93314e+26
1.15537e+26 2.32245e+26 2.1194e+26
1.15863e+26 2.32573e+26 2.26015e+26
1.16183e+26 2.32895e+26 2.3455e+26
1.16495e+26 2.33208e+26 2.36851e+26
1.16792e+26 2.33507e+26 2.37188e+26
1.17071e+26 2.33788e+26 2.35215e+26
1.17329e+26 2.34047e+26 2.26877e+26
1.17561e+26 2.3428e+26 2.12803e+26
1.17765e+26 2.34485e+26 1.93947e+26
1.17938e+26 2.34659e+26 1.71544e+26
1.18078e+26 2.348e+26 1.47028e+26
1.18184e+26 2.34906e+26 1.21951e+26
1.18254e+26 2.34977e+26 9.78893e+25
1.18289e+26 2.35011e+26 7.63471e+25
1.18288e+26 2.3501e+26 5.86646e+25
1.18252e+26 2.34974e+26 4.59363e+25
1.18182e+26 2.34905e+26 3.89438e+25
1.18081e+26 2.34803e+26 3.81097e+25
1.17951e+26 2.34672e+26 4.34721e+25
1.17793e+26 2.34515e+26 5.46848e+25
1.17612e+26 2.34333e+26 7.10401e+25
1.17411e+26 2.34131e+26 9.15137e+25
1.17192e+26 2.33912e+26 1.14829e+26
1.1696e+26 2.33679e+26 1.39535e+26
1.16719e+26 2.33437e+26 1.64092e+26
1.16471e+26 2.3319e+26 1.86968e+26
1.16222e+26 2.3294e+26 2.06721e+26
1.15974e+26 2.32691e+26 2.22089e+26
1.15731e+26 2.32447e+26 2.32054e+26
1.15496e+26 2.32212e+26 2.35904e+26
1.15272e+26 2.31988e+26 2.3494e+26
1.15063e+26 2.31778e+26 2.34694e+26
1.1487e+26 2.31585e+26 2.28146e+26
1.14696e+26 2.3141e+26 2.15863e+26
1.14543e+26 2.31257e+26 1.98716e+26
1.14412e+26 2.31126e+26 1.77828e+26
1.14304e+26 2.31018e+26 1.54513e+26
1.14221e+26 2.30935e+26 1.30194e+26
1.14164e+26 2.30877e+26 1.06331e+26
1.14131e+26 2.30844e+26 8.43395e+25
1.14124e+26 2.30837e+26 6.5513e+25
1.14141e+26 2.30854e+26 5.09539e+25
1.14182e+26 2.30896e+26 4.15136e+25
1.14247e+26 2.3096e+26 3.7747e+25
1.14333e+26 2.31047e+26 3.98814e+25
1.14439e+26 2.31153e+26 4.78032e+25
1.14563e+26 2.31278e+26 6.10631e+25
1.14704e+26 2.31419e+26 7.88984e+25
1.14858e+26 2.31574e+26 1.00273e+26
1.15025e+26 2.31741e+26 1.23934e+26
1.152e+26 2.31918e+26 1.48475e+26
1.15382e+26 2.32101e+26 1.72418e+26
1.15568e+26 2.32288e+26 1.94295e+26
1.15756e+26 2.32476e+26 2.12729e+26
1.15942e+26 2.32663e+26 2.26513e+26
1.16124e+26 2.32846e+26 2.34686e+26
1.16299e+26 2.33022e+26 2.36587e+26
1.16466e+26 2.3319e+26 2.36889e+26
1.16622e+26 2.33346e+26 2.34545e+26
1.16764e+26 2.33489e+26 2.25903e+26
1.16891e+26 2.33617e+26 2.11618e+26
1.17002e+26 2.33728e+26 1.92661e+26
1.17095e+26 2.33821e+26 1.70267e+26
1.17169e+26 2.33895e+26 1.4586e+26
1.17223e+26 2.3395e+26 1.2097e+26
1.17257e+26 2.33984e+26 9.71406e+25
1.17271e+26 2.33998e+26 7.58423e+25
1.17265e+26 2.33992e+26 5.83806e+25
1.1724e+26 2.33967e+26 4.58208e+25
1.17196e+26 2.33923e+26 3.89246e+25
1.17134e+26 2.33861e+26 3.81056e+25
1.17056e+26 2.33783e+26 4.34054e+25
1.16964e+26 2.3369e+26 5.44925e+25
1.16858e+26 2.33584e+26 7.06827e+25
1.16741e+26 2.33467e+26 9.09811e+25
1.16615e+26 2.3334e+26 1.14142e+26
1.16481e+26 2.33206e+26 1.38741e+26
1.16343e+26 2.33067e+26 1.63263e+26
1.16201e+26 2.32925e+26 1.86185e+26
1.16058e+26 2.32782e+26 2.0607e+26
1.15917e+26 2.3264e+26 2.21644e+26
1.15778e+26 2.32501e+26 2.31873e+26
1.15645e+26 2.32367e+26 2.36018e+26
1.15518e+26 2.3224e+26 2.35084e+26
1.15399e+26 2.32121e+26 2.35119e+26
1.15291e+26 2.32012e+26 2.28806e+26
1.15193e+26 2.31914e+26 2.16692e+26
1.15108e+26 2.31829e+26 1.99636e+26
1.15035e+26 2.31756e+26 1.78759e+26
1.14976e+26 2.31697e+26 1.55379e+26
1.14932e+26 2.31653e+26 1.30937e+26
1.14902e+26 2.31623e+26 1.06912e+26
1.14887e+26 2.31607e+26 8.47441e+25
1.14886e+26 2.31607e+26 6.57523e+25
1.149e+26 2.3162e+26 5.10604e+25
1.14927e+26 2.31648e+26 4.15368e+25
1.14968e+26 2.31689e+26 3.77456e+25
1.15021e+26 2.31742e+26 3.99148e+25
1.15085e+26 2.31806e+26 4.79238e+25
1.15159e+26 2.31881e+26 6.13085e+25
1.15243e+26 2.31964e+26 7.92863e+25
1.15334e+26 2.32056e+26 1.00798e+26
1.15431e+26 2.32154e+26 1.24568e+26
1.15533e+26 2.32256e+26 1.49171e+26
1.15639e+26 2.32362e+26 1.73116e+26
1.15746e+26 2.3247e+26 1.94925e+26
1.15853e+26 2.32578e+26 2.13223e+26
1.15959e+26 2.32684e+26 2.26815e+26
1.16063e+26 2.32788e+26 2.34753e+26
1.16162e+26 2.32887e+26 2.36401e+26
1.16255e+26 2.32981e+26 2.36692e+26
1.16342e+26 2.33068e+26 2.34118e+26
1.16421e+26 2.33147e+26 2.25287e+26
1.16491e+26 2.33218e+26 2.10871e+26
1.16551e+26 2.33278e+26 1.91851e+26
1.16601e+26 2.33328e+26 1.69461e+26
1.1664e+26 2.33367e+26 1.45118e+26
1.16667e+26 2.33395e+26 1.20339e+26
1.16684e+26 2.33412e+26 9.66505e+25
1.16689e+26 2.33416e+26 7.55015e+25
1.16682e+26 2.3341e+26 5.81781e+25
1.16665e+26 2.33393e+26 4.57288e+25
1.16637e+26 2.33365e+26 3.89032e+25
1.166e+26 2.33327e+26 3.81095e+25
1.16553e+26 2.33281e+26 4.33904e+25
1.16499e+26 2.33226e+26 5.44218e+25
1.16437e+26 2.33164e+26 7.05321e+25
1.16369e+26 2.33095e+26 9.07423e+25
1.16295e+26 2.33022e+26 1.13823e+26
1.16218e+26 2.32945e+26 1.38366e+26
1.16139e+26 2.32865e+26 1.62866e+26
1.16057e+26 2.32783e+26 1.8581e+26
1.15976e+26 2.32701e+26 2.0576e+26
1.15895e+26 2.3262e+26 2.21438e+26
1.15816e+26 2.32541e+26 2.31801e+26
1.1574e+26 2.32465e+26 2.36097e+26
1.15669e+26 2.32393e+26 2.35186e+26
1.15602e+26 2.32326e+26 2.35361e+26
1.15541e+26 2.32265e+26 2.29163e+26
1.15487e+26 2.32211e+26 2.17128e+26
1.15439e+26 2.32163e+26 2.00108e+26
1.15399e+26 2.32123e+26 1.79225e+26
1.15368e+26 2.32091e+26 1.55801e+26
1.15344e+26 2.32068e+26 1.31285e+26
1.15329e+26 2.32053e+26 1.07169e+26
1.15322e+26 2.32046e+26 8.49076e+25
1.15324e+26 2.32048e+26 6.58327e+25
1.15334e+26 2.32058e+26 5.10804e+25
1.15352e+26 2.32076e+26 4.15275e+25
1.15377e+26 2.32101e+26 3.77421e+25
1.15409e+26 2.32133e+26 3.99514e+25
1.15448e+26 2.32172e+26 4.8029e+25
1.15492e+26 2.32216e+26 6.1501e+25
1.15541e+26 2.32266e+26 7.95723e+25
1.15595e+26 2.32319e+26 1.0117e+26
1.15652e+26 2.32376e+26 1.25005e+26
1.15711e+26 2.32436e+26 1.4964e+26
1.15772e+26 2.32497e+26 1.73576e+26
1.15833e+26 2.32559e+26 1.95334e+26
1.15895e+26 2.3262e+26 2.1354e+26
1.15955e+26 2.32681e+26 2.27003e+26
1.16014e+26 2.3274e+26 2.3479e+26
1.16069e+26 2.32796e+26 2.36274e+26
1.16122e+26 2.32848e+26 2.36567e+26
1.1617e+26 2.32897e+26 2.33846e+26
1.16214e+26 2.32941e+26 2.24895e+26
1.16252e+26 2.32979e+26 2.10395e+26
1.16285e+26 2.33012e+26 1.91332e+26
1.16312e+26 2.33039e+26 1.68941e+26
1.16332e+26 2.3306e+26 1.44636e+26
1.16347e+26 2.33074e+26 1.19923e+26
1.16354e+26 2.33082e+26 9.63205e+25
1.16355e+26 2.33083e+26 7.52647e+25
1.1635e+26 2.33077e+26 5.80302e+25
1.16339e+26 2.33066e+26 4.56553e+25
1.16321e+26 2.33049e+26 3.88828e+25
1.16298e+26 2.33026e+26 3.81168e+25
1.16271e+26 2.32998e+26 4.34001e+25
1.16238e+26 2.32965e+26 5.44123e+25
1.16202e+26 2.32929e+26 7.04882e+25
1.16162e+26 2.32889e+26 9.06569e+25
1.1612e+26 2.32846e+26 1.13698e+26
1.16075e+26 2.32802e+26 1.38212e+26
1.16029e+26 2.32756e+26 1.627e+26
1.15983e+26 2.32709e+26 1.85652e+26
1.15936e+26 2.32662e+26 2.05632e+26
1.1589e+26 2.32616e+26 2.21359e+26
1.15845e+26 2.32571e+26 2.31785e+26
1.15802e+26 2.32528e+26 2.36151e+26
1.15762e+26 2.32488e+26 2.3526e+26
1.15724e+26 2.3245e+26 2.35499e+26
1.1569e+26 2.32416e+26 2.2935e+26
1.1566e+26 2.32385e+26 2.17344e+26
1.15634e+26 2.32359e+26 2.00333e+26
1.15612e+26 2.32337e+26 1.79437e+26
1.15595e+26 2.3232e+26 1.55981e+26
1.15583e+26 2.32308e+26 1.3142e+26
1.15576e+26 2.323e+26 1.07255e+26
1.15573e+26 2.32298e+26 8.49456e+25
1.15575e+26 2.323e+26 6.58329e+25
1.15582e+26 2.32307e+26 5.10588e+25
1.15594e+26 2.32319e+26 4.1504e+25
1.15609e+26 2.32334e+26 3.7738e+25
1.15629e+26 2.32354e+26 3.99864e+25
1.15652e+26 2.32377e+26 4.81183e+25
1.15678e+26 2.32403e+26 6.16533e+25
1.15707e+26 2.32432e+26 7.9788e+25
1.15738e+26 2.32464e+26 1.01441e+26
1.15771e+26 2.32497e+26 1.25315e+26
1.15805e+26 2.32531e+26 1.49967e+26
1.1584e+26 2.32566e+26 1.73893e+26
1.15876e+26 2.32602e+26 1.95612e+26
1.15911e+26 2.32637e+26 2.13752e+26
1.15945e+26 2.32671e+26 2.27129e+26
1.15978e+26 2.32705e+26 2.34814e+26
1.1601e+26 2.32736e+26 2.36189e+26
1.16039e+26 2.32766e+26 2.36489e+26
1.16066e+26 2.32793e+26 2.3367e+26
1.1609e+26 2.32817e+26 2.24639e+26
1.16111e+26 2.32838e+26 2.10082e+26
1.16129e+26 2.32856e+26 1.90988e+26
1.16144e+26 2.32871e+26 1.68592e+26
1.16154e+26 2.32881e+26 1.44306e+26
1.16161e+26 2.32888e+26 1.19634e+26
1.16165e+26 2.32892e+26 9.60847e+25
1.16164e+26 2.32891e+26 7.50893e+25
1.1616e+26 2.32888e+26 5.79148e+25
1.16153e+26 2.3288e+26 4.55935e+25
1.16142e+26 2.32869e+26 3.88633e+25
1.16128e+26 2.32855e+26 3.81257e+25
1.16112e+26 2.32839e+26 4.3423e+25
1.16093e+26 2.3282e+26 5.44359e+25
1.16071e+26 2.32798e+26 7.05024e+25
1.16048e+26 2.32775e+26 9.06557e+25
1.16024e+26 2.3275e+26 1.1368e+26
1.15998e+26 2.32724e+26 1.3818e+26
1.15972e+26 2.32698e+26 1.6266e+26
1.15945e+26 2.32671e+26 1.85613e+26
1.15918e+26 2.32644e+26 2.05602e+26
1.15892e+26 2.32618e+26 2.21348e+26
1.15867e+26 2.32593e+26 2.31798e+26
1.15842e+26 2.32568e+26 2.3619e+26
1.15819e+26 2.32545e+26 2.35315e+26
1.15798e+26 2.32524e+26 2.35574e+26
1.15779e+26 2.32505e+26 2.29439e+26
1.15763e+26 2.32488e+26 2.17437e+26
1.15748e+26 2.32474e+26 2.00419e+26
1.15737e+26 2.32462e+26 1.79506e+26
1.15727e+26 2.32453e+26 1.56027e+26
1.15721e+26 2.32447e+26 1.31439e+26
1.15718e+26 2.32443e+26 1.07247e+26
1.15717e+26 2.32442e+26 8.4917e+25
1.15719e+26 2.32444e+26 6.57917e+25
1.15724e+26 2.32449e+26 5.10167e+25
1.15731e+26 2.32456e+26 4.14744e+25
1.1574e+26 2.32466e+26 3.7734e+25
1.15752e+26 2.32478e+26 4.00193e+25
1.15766e+26 2.32491e+26 4.81958e+25
1.15781e+26 2.32507e+26 6.17786e+25
1.15798e+26 2.32524e+26 7.99589e+25
1.15816e+26 2.32542e+26 1.0165e+26
1.15835e+26 2.32562e+26 1.25549e+26
1.15855e+26 2.32581e+26 1.50209e+26
1.15875e+26 2.32602e+26 1.74124e+26
1.15896e+26 2.32622e+26 1.95814e+26
1.15916e+26 2.32642e+26 2.13906e+26
1.15935e+26 2.32662e+26 2.2722e+26
1.15954e+26 2.3268e+26 2.34833e+26
1.15972e+26 2.32698e+26 2.36132e+26
1.15988e+26 2.32715e+26 2.36441e+26
1.16003e+26 2.3273e+26 2.33553e+26
1.16017e+26 2.32743e+26 2.24464e+26
1.16028e+26 2.32755e+26 2.09864e+26
1.16038e+26 2.32765e+26 1.90744e+26
1.16045e+26 2.32772e+26 1.68341e+26
1.16051e+26 2.32778e+26 1.44065e+26
1.16055e+26 2.32781e+26 1.19417e+26
1.16056e+26 2.32783e+26 9.59028e+25
1.16055e+26 2.32782e+26 7.49488e+25
1.16052e+26 2.32779e+26 5.78179e+25
1.16048e+26 2.32774e+26 4.55382e+25
1.16041e+26 2.32768e+26 3.88444e+25
1.16033e+26 2.32759e+26 3.81358e+25
1.16023e+26 2.3275e+26 4.34534e+25
1.16011e+26 2.32738e+26 5.44783e+25
1.15999e+26 2.32726e+26 7.05495e+25
1.15986e+26 2.32712e+26 9.07018e+25
1.15971e+26 2.32698e+26 1.13722e+26
1.15956e+26 2.32683e+26 1.38216e+26
1.15941e+26 2.32668e+26 1.62691e+26
1.15926e+26 2.32652e+26 1.8564e+26
1.15911e+26 2.32637e+26 2.05627e+26
1.15896e+26 2.32622e+26 2.21373e+26
1.15881e+26 2.32608e+26 2.31824e+26
1.15868e+26 2.32594e+26 2.36217e+26
1.15855e+26 2.32581e+26 2.35357e+26
1.15843e+26 2.32569e+26 2.35613e+26
1.15833e+26 2.32559e+26 2.29471e+26
1.15823e+26 2.32549e+26 2.17459e+26
1.15815e+26 2.32541e+26 2.00426e+26
1.15809e+26 2.32535e+26 1.79496e+26
1.15804e+26 2.3253e+26 1.55999e+26
1.15801e+26 2.32527e+26 1.31395e+26
1.15799e+26 2.32525e+26 1.0719e+26
1.15799e+26 2.32525e+26 8.48528e+25
1.15801e+26 2.32527e+26 6.57288e+25
1.15804e+26 2.3253e+26 5.09645e+25
1.15809e+26 2.32534e+26 4.14422e+25
1.15814e+26 2.3254e+26 3.77302e+25
1.15821e+26 2.32547e+26 4.00503e+25
1.1583e+26 2.32556e+26 4.82654e+25
1.15839e+26 2.32565e+26 6.18868e+25
1.15849e+26 2.32575e+26 8.01021e+25
1.15859e+26 2.32585e+26 1.01821e+26
1.1587e+26 2.32596e+26 1.25737e+26
1.15882e+26 2.32608e+26 1.50401e+26
1.15893e+26 2.32619e+26 1.74306e+26
1.15905e+26 2.32631e+26 1.95972e+26
1.15916e+26 2.32642e+26 2.14027e+26
1.15927e+26 2.32654e+26 2.27294e+26
1.15938e+26 2.32664e+26 2.34851e+26
1.15948e+26 2.32674e+26 2.36093e+26
1.15957e+26 2.32684e+26 2.36412e+26
1.15965e+26 2.32692e+26 2.3347e+26
1.15973e+26 2.32699e+26 2.24336e+26
1.15979e+26 2.32706e+26 2.09701e+26
1.15984e+26 2.32711e+26 1.90559e+26
1.15988e+26 2.32715e+26 1.68147e+26
1.15991e+26 2.32718e+26 1.43874e+26
1.15993e+26 2.3272e+26 1.19241e+26
1.15993e+26 2.3272e+26 9.57513e+25
1.15993e+26 2.32719e+26 7.4828e+25
1.15991e+26 2.32717e+26 5.77313e+25
1.15988e+26 2.32714e+26 4.54865e+25
1.15984e+26 2.3271e+26 3.88259e+25
1.15979e+26 2.32705e+26 3.81466e+25
1.15973e+26 2.32699e+26 4.34885e+25
1.15966e+26 2.32693e+26 5.45318e+25
1.15959e+26 2.32685e+26 7.06156e+25
1.15951e+26 2.32678e+26 9.07752e+25
1.15943e+26 2.32669e+26 1.13797e+26
1.15934e+26 2.32661e+26 1.3829e+26
1.15926e+26 2.32652e+26 1.62761e+26
1.15917e+26 2.32643e+26 1.85703e+26
1.15908e+26 2.32634e+26 2.05682e+26
1.159e+26 2.32626e+26 2.21418e+26
1.15891e+26 2.32618e+26 2.31857e+26
1.15884e+26 2.3261e+26 2.36237e+26
1.15877e+26 2.32603e+26 2.3539e+26
1.1587e+26 2.32596e+26 2.3563e+26
1.15864e+26 2.3259e+26 2.29471e+26
1.15859e+26 2.32585e+26 2.17439e+26
1.15855e+26 2.32581e+26 2.00388e+26
1.15851e+26 2.32577e+26 1.79441e+26
1.15849e+26 2.32575e+26 1.55929e+26
1.15847e+26 2.32573e+26 1.31314e+26
1.15846e+26 2.32573e+26 1.07104e+26
1.15847e+26 2.32573e+26 8.47692e+25
1.15848e+26 2.32574e+26 6.56547e+25
1.1585e+26 2.32576e+26 5.09073e+25
1.15853e+26 2.32579e+26 4.14089e+25
1.15856e+26 2.32582e+26 3.77265e+25
1.1586e+26 2.32586e+26 4.00801e+25
1.15865e+26 2.32591e+26 4.83299e+25
1.1587e+26 2.32597e+26 6.19845e+25
1.15876e+26 2.32603e+26 8.02288e+25
1.15882e+26 2.32609e+26 1.01969e+26
1.15889e+26 2.32615e+26 1.25898e+26
1.15895e+26 2.32622e+26 1.50565e+26
1.15902e+26 2.32628e+26 1.7446e+26
1.15909e+26 2.32635e+26 1.96105e+26
1.15915e+26 2.32641e+26 2.1413e+26
1.15921e+26 2.32648e+26 2.27357e+26
1.15927e+26 2.32654e+26 2.3487e+26
1.15933e+26 2.32659e+26 2.36064e+26
1.15938e+26 2.32665e+26 2.36395e+26
1.15943e+26 2.32669e+26 2.33409e+26
1.15947e+26 2.32673e+26 2.24236e+26
1.1595e+26 2.32677e+26 2.0957e+26
1.15953e+26 2.3268e+26 1.90407e+26
1.15955e+26 2.32682e+26 1.67985e+26
1.15957e+26 2.32683e+26 1.43712e+26
1.15958e+26 2.32684e+26 1.19089e+26
1.15958e+26 2.32684e+26 9.56168e+25
1.15957e+26 2.32684e+26 7.4718e+25
1.15956e+26 2.32682e+26 5.76502e+25
1.15954e+26 2.3268e+26 4.54367e+25
1.15951e+26 2.32678e+26 3.88074e+25
1.15948e+26 2.32675e+26 3.81579e+25
1.15945e+26 2.32671e+26 4.35263e+25
1.15941e+26 2.32668e+26 5.45919e+25
1.15937e+26 2.32663e+26 7.06929e+25
1.15932e+26 2.32659e+26 9.08642e+25
1.15927e+26 2.32654e+26 1.13893e+26
1.15922e+26 2.32649e+26 1.38386e+26
1.15917e+26 2.32644e+26 1.62853e+26
1.15912e+26 2.32639e+26 1.85787e+26
1.15908e+26 2.32634e+26 2.05753e+26
1.15903e+26 2.32629e+26 2.21473e+26
1.15898e+26 2.32624e+26 2.31893e+26
1.15894e+26 2.3262e+26 2.36252e+26
1.1589e+26 2.32616e+26 2.35417e+26
1.15886e+26 2.32612e+26 2.35634e+26
1.15883e+26 2.32609e+26 2.29451e+26
1.1588e+26 2.32606e+26 2.17397e+26
1.15878e+26 2.32604e+26 2.00325e+26
1.15876e+26 2.32602e+26 1.7936e+26
1.15875e+26 2.32601e+26 1.55836e+26
1.15874e+26 2.326e+26 1.31214e+26
1.15874e+26 2.326e+26 1.07004e+26
1.15874e+26 2.326e+26 8.46753e+25
1.15875e+26 2.32601e+26 6.55745e+25
1.15876e+26 2.32602e+26 5.08476e+25
1.15878e+26 2.32604e+26 4.13753e+25
1.1588e+26 2.32606e+26 3.77231e+25
1.15882e+26 2.32608e+26 4.0109e+25
1.15885e+26 2.32611e+26 4.83912e+25
1.15888e+26 2.32614e+26 6.2076e+25
1.15891e+26 2.32618e+26 8.03456e+25
1.15895e+26 2.32621e+26 1.02105e+26
1.15899e+26 2.32625e+26 1.26044e+26
1.15903e+26 2.32629e+26 1.50711e+26
1.15906e+26 2.32633e+26 1.74598e+26
1.1591e+26 2.32636e+26 1.96224e+26
1.15914e+26 2.3264e+26 2.14222e+26
1.15917e+26 2.32644e+26 2.27415e+26
1.15921e+26 2.32647e+26 2.3489e+26
1.15924e+26 2.3265e+26 2.36043e+26
1.15927e+26 2.32653e+26 2.36385e+26
1.15929e+26 2.32656e+26 2.3336e+26
1.15932e+26 2.32658e+26 2.24152e+26
1.15933e+26 2.3266e+26 2.09458e+26
1.15935e+26 2.32661e+26 1.90275e+26
1.15936e+26 2.32663e+26 1.67841e+26
1.15937e+26 2.32663e+26 1.43566e+26
1.15937e+26 2.32664e+26 1.18949e+26
1.15937e+26 2.32664e+26 9.54917e+25
1.15937e+26 2.32663e+26 7.46139e+25
1.15936e+26 2.32662e+26 5.75722e+25
1.15935e+26 2.32661e+26 4.53878e+25
1.15933e+26 2.3266e+26 3.87891e+25
1.15931e+26 2.32658e+26 3.81696e+25
1.15929e+26 2.32656e+26 4.3566e+25
1.15927e+26 2.32653e+26 5.4656e+25
1.15925e+26 2.32651e+26 7.07767e+25
1.15922e+26 2.32648e+26 9.09624e+25
1.15919e+26 2.32646e+26 1.13999e+26
1.15916e+26 2.32643e+26 1.38495e+26
1.15913e+26 2.3264e+26 1.62958e+26
1.15911e+26 2.32637e+26 1.85882e+26
1.15908e+26 2.32634e+26 2.05834e+26
1.15905e+26 2.32631e+26 2.21534e+26
1.15902e+26 2.32629e+26 2.31931e+26
1.159e+26 2.32626e+26 2.36263e+26
1.15898e+26 2.32624e+26 2.35441e+26
1.15896e+26 2.32622e+26 2.3563e+26
1.15894e+26 2.3262e+26 2.29419e+26
1.15892e+26 2.32619e+26 2.1734e+26
1.15891e+26 2.32617e+26 2.00246e+26
1.1589e+26 2.32616e+26 1.79265e+26
1.15889e+26 2.32616e+26 1.55729e+26
1.15889e+26 2.32615e+26 1.31102e+26
1.15889e+26 2.32615e+26 1.06895e+26
1.15889e+26 2.32616e+26 8.45757e+25
1.1589e+26 2.32616e+26 6.54913e+25
1.15891e+26 2.32617e+26 5.07867e+25
1.15892e+26 2.32618e+26 4.13416e+25
1.15893e+26 2.32619e+26 3.77198e+25
1.15894e+26 2.32621e+26 4.01375e+25
1.15896e+26 2.32622e+26 4.84507e+25
1.15898e+26 2.32624e+26 6.21637e+25
1.159e+26 2.32626e+26 8.04566e+25
1.15902e+26 2.32628e+26 1.02233e+26
1.15904e+26 2.3263e+26 1.26181e+26
1.15906e+26 2.32633e+26 1.50849e+26
1.15908e+26 2.32635e+26 1.74727e+26
1.15911e+26 2.32637e+26 1.96336e+26
1.15913e+26 2.32639e+26 2.14308e+26
1.15915e+26 2.32641e+26 2.27471e+26
1.15917e+26 2.32643e+26 2.3491e+26
1.15918e+26 2.32645e+26 2.36025e+26
1.1592e+26 2.32646e+26 2.36379e+26
1.15921e+26 2.32648e+26 2.33318e+26
1.15923e+26 2.32649e+26 2.24077e+26
1.15924e+26 2.3265e+26 2.09357e+26
1.15924e+26 2.32651e+26 1.90154e+26
1.15925e+26 2.32651e+26 1.67708e+26
1.15925e+26 2.32652e+26 1.43429e+26
1.15926e+26 2.32652e+26 1.18817e+26
1.15925e+26 2.32652e+26 9.53718e+25
1.15925e+26 2.32652e+26 7.45131e+25
1.15925e+26 2.32651e+26 5.74958e+25
1.15924e+26 2.3265e+26 4.53395e+25
1.15923e+26 2.32649e+26 3.87708e+25
1.15922e+26 2.32648e+26 3.81816e+25
1.15921e+26 2.32647e+26 4.36067e+25
1.15919e+26 2.32646e+26 5.47225e+25
1.15918e+26 2.32644e+26 7.08645e+25
1.15916e+26 2.32643e+26 9.10659e+25
1.15915e+26 2.32641e+26 1.14112e+26
1.15913e+26 2.32639e+26 1.38611e+26
1.15911e+26 2.32638e+26 1.6307e+26
1.1591e+26 2.32636e+26 1.85984e+26
1.15908e+26 2.32635e+26 2.05919e+26
1.15907e+26 2.32633e+26 2.21597e+26
1.15905e+26 2.32632e+26 2.31968e+26
1.15904e+26 2.3263e+26 2.36272e+26
1.15903e+26 2.32629e+26 2.35462e+26
1.15901e+26 2.32628e+26 2.35621e+26
1.159e+26 2.32627e+26 2.29381e+26
1.159e+26 2.32626e+26 2.17276e+26
1.15899e+26 2.32625e+26 2.0016e+26
1.15898e+26 2.32625e+26 1.79161e+26
1.15898e+26 2.32624e+26 1.55615e+26
1.15898e+26 2.32624e+26 1.30985e+26
1.15898e+26 2.32624e+26 1.06781e+26
1.15898e+26 2.32624e+26 8.44732e+25
1.15898e+26 2.32625e+26 6.54065e+25
1.15899e+26 2.32625e+26 5.07254e+25
1.159e+26 2.32626e+26 4.13081e+25
1.159e+26 2.32627e+26 3.77168e+25
1.15901e+26 2.32628e+26 4.01658e+25
1.15902e+26 2.32629e+26 4.85092e+25
1.15903e+26 2.3263e+26 6.22491e+25
1.15904e+26 2.32631e+26 8.05643e+25
1.15906e+26 2.32632e+26 1.02356e+26
1.15907e+26 2.32633e+26 1.26313e+26
1.15908e+26 2.32634e+26 1.5098e+26
1.15909e+26 2.32636e+26 1.7485e+26
1.15911e+26 2.32637e+26 1.96443e+26
1.15912e+26 2.32638e+26 2.14392e+26
1.15913e+26 2.32639e+26 2.27525e+26
1.15914e+26 2.3264e+26 2.3493e+26
1.15915e+26 2.32641e+26 2.3601e+26
1.15916e+26 2.32642e+26 2.36375e+26
1.15917e+26 2.32643e+26 2.3328e+26
1.15917e+26 2.32644e+26 2.24008e+26
1.15918e+26 2.32644e+26 2.09261e+26
1.15918e+26 2.32645e+26 1.90038e+26
1.15919e+26 2.32645e+26 1.6758e+26
1.15919e+26 2.32645e+26 1.43297e+26
1.15919e+26 2.32645e+26 1.18689e+26
1.15919e+26 2.32645e+26 9.52548e+25
1.15918e+26 2.32645e+26 7.44141e+25
1.15918e+26 2.32645e+26 5.74203e+25
1.15918e+26 2.32644e+26 4.52915e+25
1.15917e+26 2.32644e+26 3.87527e+25
1.15917e+26 2.32643e+26 3.81939e+25
1.15916e+26 2.32642e+26 4.36483e+25
1.15915e+26 2.32641e+26 5.47904e+25
1.15914e+26 2.32641e+26 7.09546e+25
1.15913e+26 2.3264e+26 9.11726e+25
1.15912e+26 2.32639e+26 1.14229e+26
1.15911e+26 2.32638e+26 1.38731e+26
1.1591e+26 2.32637e+26 1.63186e+26
1.1591e+26 2.32636e+26 1.86089e+26
1.15909e+26 2.32635e+26 2.06007e+26
1.15908e+26 2.32634e+26 2.21662e+26
1.15907e+26 2.32633e+26 2.32006e+26
1.15906e+26 2.32633e+26 2.3628e+26
1.15905e+26 2.32632e+26 2.35482e+26
1.15905e+26 2.32631e+26 2.35609e+26
1.15904e+26 2.32631e+26 2.29339e+26
1.15904e+26 2.3263e+26 2.17207e+26
1.15903e+26 2.3263e+26 2.00068e+26
1.15903e+26 2.3263e+26 1.79053e+26
1.15903e+26 2.32629e+26 1.55497e+26
1.15903e+26 2.32629e+26 1.30864e+26
1.15903e+26 2.32629e+26 1.06665e+26
1.15903e+26 2.32629e+26 8.4369e+25
1.15903e+26 2.3263e+26 6.53209e+25
1.15904e+26 2.3263e+26 5.06639e+25
1.15904e+26 2.3263e+26 4.12747e+25
1.15904e+26 2.32631e+26 3.77139e+25
1.15905e+26 2.32631e+26 4.01939e+25
1.15906e+26 2.32632e+26 4.8567e+25
1.15906e+26 2.32633e+26 6.23334e+25
1.15907e+26 2.32633e+26 8.06701e+25
1.15908e+26 2.32634e+26 1.02477e+26
1.15908e+26 2.32635e+26 1.26441e+26
1.15909e+26 2.32635e+26 1.51109e+26
1.1591e+26 2.32636e+26 1.74971e+26
1.1591e+26 2.32637e+26 1.96547e+26
1.15911e+26 2.32637e+26 2.14474e+26
1.15912e+26 2.32638e+26 2.27578e+26
1.15912e+26 2.32639e+26 2.34951e+26
1.15913e+26 2.32639e+26 2.35997e+26
1.15913e+26 2.3264e+26 2.36374e+26
1.15914e+26 2.3264e+26 2.33244e+26
1.15914e+26 2.32641e+26 2.23942e+26
1.15914e+26 2.32641e+26 2.09169e+26
1.15915e+26 2.32641e+26 1.89927e+26
1.15915e+26 2.32641e+26 1.67456e+26
1.15915e+26 2.32641e+26 1.43168e+26
1.15915e+26 2.32641e+26 1.18563e+26
1.15915e+26 2.32641e+26 9.51395e+25
1.15915e+26 2.32641e+26 7.43161e+25
1.15915e+26 2.32641e+26 5.73453e+25
1.15914e+26 2.32641e+26 4.52437e+25
1.15914e+26 2.3264e+26 3.87347e+25
1.15914e+26 2.3264e+26 3.82064e+25
1.15913e+26 2.3264e+26 4.36903e+25
1.15913e+26 2.32639e+26 5.48593e+25
1.15912e+26 2.32639e+26 7.10461e+25
1.15912e+26 2.32638e+26 9.12812e+25
1.15911e+26 2.32637e+26 1.14348e+26
1.15911e+26 2.32637e+26 1.38854e+26
1.1591e+26 2.32636e+26 1.63305e+26
1.1591e+26 2.32636e+26 1.86196e+26
1.15909e+26 2.32635e+26 2.06096e+26
1.15909e+26 2.32635e+26 2.21728e+26
1.15908e+26 2.32634e+26 2.32044e+26
1.15908e+26 2.32634e+26 2.36287e+26
1.15907e+26 2.32634e+26 2.35501e+26
1.15907e+26 2.32633e+26 2.35596e+26
1.15907e+26 2.32633e+26 2.29295e+26
1.15906e+26 2.32633e+26 2.17135e+26
1.15906e+26 2.32632e+26 1.99974e+26
1.15906e+26 2.32632e+26 1.78942e+26
1.15906e+26 2.32632e+26 1.55376e+26
1.15906e+26 2.32632e+26 1.30741e+26
1.15906e+26 2.32632e+26 1.06547e+26
1.15906e+26 2.32632e+26 8.42641e+25
1.15906e+26 2.32632e+26 6.5235e+25
1.15906e+26 2.32633e+26 5.06024e+25
1.15907e+26 2.32633e+26 4.12415e+25
1.15907e+26 2.32633e+26 3.77112e+25
1.15907e+26 2.32633e+26 4.02221e+25
1.15907e+26 2.32634e+26 4.86245e+25
1.15908e+26 2.32634e+26 6.2417e+25
1.15908e+26 2.32635e+26 8.07748e+25
1.15909e+26 2.32635e+26 1.02597e+26
1.15909e+26 2.32635e+26 1.26568e+26
1.15909e+26 2.32636e+26 1.51236e+26
1.1591e+26 2.32636e+26 1.75089e+26
1.1591e+26 2.32637e+26 1.9665e+26
1.15911e+26 2.32637e+26 2.14554e+26
1.15911e+26 2.32637e+26 2.27631e+26
1.15911e+26 2.32638e+26 2.34972e+26
1.15912e+26 2.32638e+26 2.35984e+26
1.15912e+26 2.32638e+26 2.36373e+26
1.15912e+26 2.32639e+26 2.3321e+26
1.15912e+26 2.32639e+26 2.23878e+26
1.15913e+26 2.32639e+26 2.09079e+26
1.15913e+26 2.32639e+26 1.89817e+26
1.15913e+26 2.32639e+26 1.67334e+26
1.15913e+26 2.32639e+26 1.43041e+26
1.15913e+26 2.32639e+26 1.18438e+26
1.15913e+26 2.32639e+26 9.5025e+25
1.15913e+26 2.32639e+26 7.42187e+25
1.15912e+26 2.32639e+26 5.72706e+25
1.15912e+26 2.32639e+26 4.51961e+25
1.15912e+26 2.32638e+26 3.87168e+25
1.15912e+26 2.32638e+26 3.82191e+25
1.15912e+26 2.32638e+26 4.37328e+25
1.15911e+26 2.32638e+26 5.49288e+25
1.15911e+26 2.32637e+26 7.11384e+25
1.15911e+26 2.32637e+26 9.13908e+25
1.1591e+26 2.32637e+26 1.14469e+26
1.1591e+26 2.32637e+26 1.38977e+26
1.1591e+26 2.32636e+26 1.63424e+26
1.1591e+26 2.32636e+26 1.86305e+26
1.15909e+26 2.32636e+26 2.06186e+26
1.15909e+26 2.32635e+26 2.21794e+26
1.15909e+26 2.32635e+26 2.32081e+26
1.15908e+26 2.32635e+26 2.36293e+26
1.15908e+26 2.32635e+26 2.35519e+26
1.15908e+26 2.32634e+26 2.35581e+26
1.15908e+26 2.32634e+26 2.29249e+26
1.15908e+26 2.32634e+26 2.17062e+26
1.15908e+26 2.32634e+26 1.99878e+26
1.15908e+26 2.32634e+26 1.7883e+26
1.15908e+26 2.32634e+26 1.55254e+26
1.15908e+26 2.32634e+26 1.30617e+26
1.15908e+26 2.32634e+26 1.06429e+26
1.15908e+26 2.32634e+26 8.41587e+25
1.15908e+26 2.32634e+26 6.5149e+25
1.15908e+26 2.32634e+26 5.0541e+25
1.15908e+26 2.32634e+26 4.12085e+25
1.15908e+26 2.32634e+26 3.77087e+25
1.15908e+26 2.32635e+26 4.02503e+25
1.15909e+26 2.32635e+26 4.86819e+25
1.15909e+26 2.32635e+26 6.25001e+25
1.15909e+26 2.32635e+26 8.08788e+25
1.15909e+26 2.32636e+26 1.02716e+26
1.15909e+26 2.32636e+26 1.26694e+26
1.1591e+26 2.32636e+26 1.51362e+26
1.1591e+26 2.32636e+26 1.75207e+26
1.1591e+26 2.32636e+26 1.96752e+26
1.1591e+26 2.32637e+26 2.14634e+26
1.15911e+26 2.32637e+26 2.27684e+26
1.15911e+26 2.32637e+26 2.34993e+26
1.15911e+26 2.32637e+26 2.35971e+26
1.15911e+26 2.32637e+26 2.36372e+26
1.15911e+26 2.32638e+26 2.33176e+26
1.15911e+26 2.32638e+26 2.23814e+26
1.15911e+26 2.32638e+26 2.0899e+26
1.15911e+26 2.32638e+26 1.89708e+26
1.15911e+26 2.32638e+26 1.67212e+26
1.15911e+26 2.32638e+26 1.42914e+26
1.15911e+26 2.32638e+26 1.18314e+26
1.15911e+26 2.32638e+26 9.49111e+25
1.15911e+26 2.32638e+26 7.41217e+25
1.15911e+26 2.32638e+26 5.71962e+25
1.15911e+26 2.32638e+26 4.51486e+25
1.15911e+26 2.32637e+26 3.8699e+25
1.15911e+26 2.32637e+26 3.8232e+25
1.15911e+26 2.32637e+26 4.37755e+25
1.15911e+26 2.32637e+26 5.49988e+25
1.1591e+26 2.32637e+26 7.12313e+25
1.1591e+26 2.32637e+26 9.15012e+25
1.1591e+26 2.32636e+26 1.1459e+26
1.1591e+26 2.32636e+26 1.39102e+26
1.1591e+26 2.32636e+26 1.63545e+26
1.1591e+26 2.32636e+26 1.86413e+26
1.15909e+26 2.32636e+26 2.06277e+26
1.15909e+26 2.32636e+26 2.2186e+26
1.15909e+26 2.32635e+26 2.32119e+26
1.15909e+26 2.32635e+26 2.36298e+26
1.15909e+26 2.32635e+26 2.35536e+26
1.15909e+26 2.32635e+26 2.35565e+26
1.15909e+26 2.32635e+26 2.29203e+26
1.15909e+26 2.32635e+26 2.16987e+26
1.15909e+26 2.32635e+26 1.99781e+26
1.15909e+26 2.32635e+26 1.78716e+26
1.15909e+26 2.32635e+26 1.55131e+26
1.15909e+26 2.32635e+26 1.30493e+26
1.15909e+26 2.32635e+26 1.0631e+26
1.15909e+26 2.32635e+26 8.40532e+25
1.15909e+26 2.32635e+26 6.5063e+25
1.15909e+26 2.32635e+26 5.04796e+25
1.15909e+26 2.32635e+26 4.11756e+25
1.15909e+26 2.32635e+26 3.77063e+25
1.15909e+26 2.32635e+26 4.02786e+25
1.15909e+26 2.32635e+26 4.87393e+25
1.15909e+26 2.32636e+26 6.25832e+25
1.15909e+26 2.32636e+26 8.09826e+25
1.15909e+26 2.32636e+26 1.02834e+26
1.1591e+26 2.32636e+26 1.2682e+26
1.1591e+26 2.32636e+26 1.51487e+26
1.1591e+26 2.32636e+26 1.75324e+26
1.1591e+26 2.32636e+26 1.96854e+26
1.1591e+26 2.32636e+26 2.14714e+26
1.1591e+26 2.32637e+26 2.27736e+26
1.1591e+26 2.32637e+26 2.35014e+26
1.1591e+26 2.32637e+26 2.35959e+26
1.15911e+26 2.32637e+26 2.36372e+26
1.15911e+26 2.32637e+26 2.33143e+26
1.15911e+26 2.32637e+26 2.23751e+26
1.15911e+26 2.32637e+26 2.08902e+26
1.15911e+26 2.32637e+26 1.896e+26
1.15911e+26 2.32637e+26 1.67091e+26
1.15911e+26 2.32637e+26 1.42788e+26
1.15911e+26 2.32637e+26 1.1819e+26
1.15911e+26 2.32637e+26 9.47975e+25
1.15911e+26 2.32637e+26 7.40249e+25
1.15911e+26 2.32637e+26 5.71219e+25
1.15911e+26 2.32637e+26 4.51013e+25
1.15911e+26 2.32637e+26 3.86814e+25
1.1591e+26 2.32637e+26 3.82451e+25
1.1591e+26 2.32637e+26 4.38184e+25
1.1591e+26 2.32637e+26 5.5069e+25
1.1591e+26 2.32637e+26 7.13246e+25
1.1591e+26 2.32636e+26 9.16119e+25
1.1591e+26 2.32636e+26 1.14711e+26
1.1591e+26 2.32636e+26 1.39227e+26
1.1591e+26 2.32636e+26 1.63666e+26
1.1591e+26 2.32636e+26 1.86523e+26
1.1591e+26 2.32636e+26 2.06367e+26
1.15909e+26 2.32636e+26 2.21926e+26
1.15909e+26 2.32636e+26 2.32156e+26
1.15909e+26 2.32636e+26 2.36303e+26
1.15909e+26 2.32636e+26 2.35553e+26
1.15909e+26 2.32636e+26 2.35549e+26
1.15909e+26 2.32635e+26 2.29155e+26
1.15909e+26 2.32635e+26 2.16912e+26
1.15909e+26 2.32635e+26 1.99683e+26
1.15909e+26 2.32635e+26 1.78602e+26
1.15909e+26 2.32635e+26 1.55008e+26
1.15909e+26 2.32635e+26 1.30368e+26
1.15909e+26 2.32635e+26 1.06192e+26
1.15909e+26 2.32635e+26 8.39476e+25
1.15909e+26 2.32635e+26 6.4977e+25
1.15909e+26 2.32636e+26 5.04184e+25
1.15909e+26 2.32636e+26 4.11429e+25
1.15909e+26 2.32636e+26 3.77041e+25
1.15909e+26 2.32636e+26 4.03071e+25
1.15909e+26 2.32636e+26 4.87967e+25
1.15909e+26 2.32636e+26 6.26662e+25
1.1591e+26 2.32636e+26 8.10862e+25
1.1591e+26 2.32636e+26 1.02952e+26
1.1591e+26 2.32636e+26 1.26945e+26
1.1591e+26 2.32636e+26 1.51612e+26
1.1591e+26 2.32636e+26 1.75441e+26
1.1591e+26 2.32636e+26 1.96955e+26
1.1591e+26 2.32636e+26 2.14793e+26
1.1591e+26 2.32636e+26 2.27788e+26
1.1591e+26 2.32636e+26 2.35035e+26
1.1591e+26 2.32637e+26 2.35947e+26
1.1591e+26 2.32637e+26 2.36371e+26
1.1591e+26 2.32637e+26 2.3311e+26
1.1591e+26 2.32637e+26 2.23688e+26
1.1591e+26 2.32637e+26 2.08813e+26
1.1591e+26 2.32637e+26 1.89492e+26
1.1591e+26 2.32637e+26 1.66971e+26
1.1591e+26 2.32637e+26 1.42663e+26
1.1591e+26 2.32637e+26 1.18067e+26
1.1591e+26 2.32637e+26 9.46841e+25
1.1591e+26 2.32637e+26 7.39282e+25
1.1591e+26 2.32637e+26 5.70478e+25
1.1591e+26 2.32637e+26 4.50541e+25
1.1591e+26 2.32637e+26 3.86639e+25
1.1591e+26 2.32637e+26 3.82583e+25
1.1591e+26 2.32636e+26 4.38616e+25
1.1591e+26 2.32636e+26 5.51395e+25
1.1591e+26 2.32636e+26 7.14182e+25
1.1591e+26 2.32636e+26 9.1723e+25
1.1591e+26 2.32636e+26 1.14833e+26
1.1591e+26 2.32636e+26 1.39352e+26
1.1591e+26 2.32636e+26 1.63787e+26
1.1591e+26 2.32636e+26 1.86632e+26
1.1591e+26 2.32636e+26 2.06458e+26
1.1591e+26 2.32636e+26 2.21993e+26
1.1591e+26 2.32636e+26 2.32193e+26
1.1591e+26 2.32636e+26 2.36308e+26
1.15909e+26 2.32636e+26 2.3557e+26
1.15909e+26 2.32636e+26 2.35533e+26
1.15909e+26 2.32636e+26 2.29108e+26
1.15909e+26 2.32636e+26 2.16837e+26
1.15909e+26 2.32636e+26 1.99585e+26
1.15909e+26 2.32636e+26 1.78488e+26
1.15909e+26 2.32636e+26 1.54885e+26
1.15909e+26 2.32636e+26 1.30243e+26
1.15909e+26 2.32636e+26 1.06073e+26
1.15909e+26 2.32636e+26 8.3842e+25
1.15909e+26 2.32636e+26 6.48911e+25
1.15909e+26 2.32636e+26 5.03574e+25
1.15909e+26 2.32636e+26 4.11103e+25
1.15909e+26 2.32636e+26 3.7702e+25
1.1591e+26 2.32636e+26 4.03356e+25
1.1591e+26 2.32636e+26 4.88542e+25
1.1591e+26 2.32636e+26 6.27492e+25
1.1591e+26 2.32636e+26 8.11897e+25
1.1591e+26 2.32636e+26 1.0307e+26
1.1591e+26 2.32636e+26 1.2707e+26
1.1591e+26 2.32636e+26 1.51736e+26
1.1591e+26 2.32636e+26 1.75558e+26
1.1591e+26 2.32636e+26 1.97057e+26
1.1591e+26 2.32636e+26 2.14873e+26
1.1591e+26 2.32636e+26 2.2784e+26
1.1591e+26 2.32636e+26 2.35056e+26
1.1591e+26 2.32636e+26 2.35935e+26
1.1591e+26 2.32636e+26 2.36371e+26
1.1591e+26 2.32636e+26 2.33077e+26
1.1591e+26 2.32636e+26 2.23626e+26
1.1591e+26 2.32636e+26 2.08725e+26
1.1591e+26 2.32636e+26 1.89385e+26
1.1591e+26 2.32636e+26 1.6685e+26
1.1591e+26 2.32636e+26 1.42537e+26
1.1591e+26 2.32636e+26 1.17944e+26
1.1591e+26 2.32636e+26 9.45709e+25
1.1591e+26 2.32636e+26 7.38317e+25
1.1591e+26 2.32636e+26 5.69738e+25
1.1591e+26 2.32636e+26 4.5007e+25
1.1591e+26 2.32636e+26 3.86465e+25
1.1591e+26 2.32636e+26 3.82717e+25
1.1591e+26 2.32636e+26 4.39049e+25
1.1591e+26 2.32636e+26 5.52101e+25
1.1591e+26 2.32636e+26 7.15119e+25
1.1591e+26 2.32636e+26 9.18342e+25
1.1591e+26 2.32636e+26 1.14955e+26
1.1591e+26 2.32636e+26 1.39478e+26
1.1591e+26 2.32636e+26 1.63908e+26
1.1591e+26 2.32636e+26 1.86741e+26
1.1591e+26 2.32636e+26 2.06549e+26
1.1591e+26 2.32636e+26 2.22059e+26
1.1591e+26 2.32636e+26 2.3223e+26
1.1591e+26 2.32636e+26 2.36313e+26
1.1591e+26 2.32636e+26 2.35587e+26
1.1591e+26 2.32636e+26 2.35516e+26
1.1591e+26 2.32636e+26 2.2906e+26
1.1591e+26 2.32636e+26 2.16761e+26
1.1591e+26 2.32636e+26 1.99487e+26
1.1591e+26 2.32636e+26 1.78373e+26
1.1591e+26 2.32636e+26 1.54761e+26
1.1591e+26 2.32636e+26 1.30118e+26
1.1591e+26 2.32636e+26 1.05954e+26
1.1591e+26 2.32636e+26 8.37364e+25
1.1591e+26 2.32636e+26 6.48053e+25
1.1591e+26 2.32636e+26 5.02964e+25
1.1591e+26 2.32636e+26 4.10779e+25
1.1591e+26 2.32636e+26 3.77001e+25
1.1591e+26 2.32636e+26 4.03643e+25
1.1591e+26 2.32636e+26 4.89117e+25
1.1591e+26 2.32636e+26 6.28322e+25
1.1591e+26 2.32636e+26 8.12933e+25
1.1591e+26 2.32636e+26 1.03187e+26
1.1591e+26 2.32636e+26 1.27195e+26
1.1591e+26 2.32636e+26 1.51861e+26
1.1591e+26 2.32636e+26 1.75674e+26
1.1591e+26 2.32636e+26 1.97157e+26
1.1591e+26 2.32636e+26 2.14952e+26
1.1591e+26 2.32636e+26 2.27892e+26
1.1591e+26 2.32636e+26 2.35077e+26
1.1591e+26 2.32636e+26 2.35922e+26
1.1591e+26 2.32636e+26 2.3637e+26
1.1591e+26 2.32636e+26 2.33044e+26
1.1591e+26 2.32636e+26 2.23563e+26
1.1591e+26 2.32636e+26 2.08637e+26
1.1591e+26 2.32636e+26 1.89277e+26
1.1591e+26 2.32636e+26 1.6673e+26
1.1591e+26 2.32636e+26 1.42411e+26
1.1591e+26 2.32636e+26 1.17821e+26
1.1591e+26 2.32636e+26 9.44578e+25
1.1591e+26 2.32636e+26 7.37353e+25
1.1591e+26 2.32636e+26 5.68999e+25
1.1591e+26 2.32636e+26 4.49601e+25
1.1591e+26 2.32636e+26 3.86293e+25
1.1591e+26 2.32636e+26 3.82852e+25
1.1591e+26 2.32636e+26 4.39484e+25
1.1591e+26 2.32636e+26 5.52809e+25
1.1591e+26 2.32636e+26 7.16058e+25
1.1591e+26 2.32636e+26 9.19455e+25
1.1591e+26 2.32636e+26 1.15077e+26
1.1591e+26 2.32636e+26 1.39603e+26
1.1591e+26 2.32636e+26 1.64029e+26
1.1591e+26 2.32636e+26 1.8685e+26
1.1591e+26 2.32636e+26 2.06639e+26
1.1591e+26 2.32636e+26 2.22125e+26
1.1591e+26 2.32636e+26 2.32266e+26
1.1591e+26 2.32636e+26 2.36317e+26
1.1591e+26 2.32636e+26 2.35603e+26
1.1591e+26 2.32636e+26 2.355e+26
1.1591e+26 2.32636e+26 2.29012e+26
1.1591e+26 2.32636e+26 2.16685e+26
1.1591e+26 2.32636e+26 1.99389e+26
1.1591e+26 2.32636e+26 1.78259e+26
1.1591e+26 2.32636e+26 1.54637e+26
1.1591e+26 2.32636e+26 1.29993e+26
1.1591e+26 2.32636e+26 1.05835e+26
1.1591e+26 2.32636e+26 8.3631e+25
1.1591e+26 2.32636e+26 6.47196e+25
1.1591e+26 2.32636e+26 5.02357e+25
1.1591e+26 2.32636e+26 4.10457e+25
1.1591e+26 2.32636e+26 3.76983e+25
1.1591e+26 2.32636e+26 4.03931e+25
1.1591e+26 2.32636e+26 4.89695e+25
1.1591e+26 2.32636e+26 6.29154e+25
1.1591e+26 2.32636e+26 8.13969e+25
1.1591e+26 2.32636e+26 1.03305e+26
1.1591e+26 2.32636e+26 1.2732e+26
1.1591e+26 2.32636e+26 1.51985e+26
1.1591e+26 2.32636e+26 1.7579e+26
1.1591e+26 2.32636e+26 1.97258e+26
1.1591e+26 2.32636e+26 2.1503e+26
1.1591e+26 2.32636e+26 2.27943e+26
1.1591e+26 2.32636e+26 2.35098e+26
1.1591e+26 2.32636e+26 2.3591e+26
1.1591e+26 2.32636e+26 2.3637e+26
1.1591e+26 2.32636e+26 2.33011e+26
1.1591e+26 2.32636e+26 2.235e+26
1.1591e+26 2.32636e+26 2.08549e+26
1.1591e+26 2.32636e+26 1.89169e+26
1.1591e+26 2.32636e+26 1.6661e+26
1.1591e+26 2.32636e+26 1.42286e+26
1.1591e+26 2.32636e+26 1.17698e+26
1.1591e+26 2.32636e+26 9.43447e+25
1.1591e+26 2.32636e+26 7.36391e+25
1.1591e+26 2.32636e+26 5.68262e+25
1.1591e+26 2.32636e+26 4.49134e+25
1.1591e+26 2.32636e+26 3.86123e+25
1.1591e+26 2.32636e+26 3.8299e+25
1.1591e+26 2.32636e+26 4.3992e+25
1.1591e+26 2.32636e+26 5.53519e+25
1.1591e+26 2.32636e+26 7.16999e+25
1.1591e+26 2.32636e+26 9.2057e+25
1.1591e+26 2.32636e+26 1.152e+26
1.1591e+26 2.32636e+26 1.39729e+26
1.1591e+26 2.32636e+26 1.6415e+26
1.1591e+26 2.32636e+26 1.8696e+26
1.1591e+26 2.32636e+26 2.0673e+26
1.1591e+26 2.32636e+26 2.2219e+26
1.1591e+26 2.32636e+26 2.32303e+26
1.1591e+26 2.32636e+26 2.36321e+26
1.1591e+26 2.32636e+26 2.35619e+26
1.1591e+26 2.32636e+26 2.35482e+26
1.1591e+26 2.32636e+26 2.28963e+26
1.1591e+26 2.32636e+26 2.16609e+26
1.1591e+26 2.32636e+26 1.9929e+26
1.1591e+26 2.32636e+26 1.78144e+26
1.1591e+26 2.32636e+26 1.54514e+26
1.1591e+26 2.32636e+26 1.29867e+26
1.1591e+26 2.32636e+26 1.05716e+26
1.1591e+26 2.32636e+26 8.35256e+25
1.1591e+26 2.32636e+26 6.4634e+25
1.1591e+26 2.32636e+26 5.0175e+25
