0.799988 0.597277
0.720363 0.689588
0.630151 0.771765
0.530649 0.842564
0.423307 0.900915
0.309702 0.945936
0.191512 0.976954
0.0704871 0.993511
-0.0515797 0.995377
-0.172885 0.982552
-0.291645 0.955259
-0.406124 0.913944
-0.514664 0.859263
-0.615709 0.79207
-0.70783 0.713396
-0.789742 0.624433
-0.860325 0.526512
-0.918633 0.421079
-0.963908 0.309672
-0.995583 0.193896
-1.01329 0.0754001
-1.01686 -0.0441484
-1.00631 -0.163084
-0.981861 -0.279767
-0.943911 -0.392603
-0.893036 -0.500063
-0.82998 -0.600702
-0.755639 -0.693173
-0.671053 -0.776247
-0.57739 -0.84882
-0.475929 -0.90993
-0.368048 -0.958765
-0.255205 -0.994676
-0.138922 -1.01718
-0.0207652 -1.02596
0.0976721 -1.02089
0.214788 -1.00201
0.328994 -0.969553
0.43873 -0.923926
0.542489 -0.865711
0.638833 -0.795663
0.726415 -0.714701
0.803994 -0.623898
0.870458 -0.52447
0.924839 -0.417762
0.966327 -0.305229
0.994287 -0.188424
1.00827 -0.0689699
1.00802 0.0514578
0.993484 0.171156
0.964817 0.28842
0.922378 0.401567
0.866732 0.508964
0.79864 0.609053
0.719053 0.700375
0.629094 0.781596
0.530048 0.851525
0.423337 0.909141
0.310499 0.953599
0.193166 0.984254
0.0730386 1.00066
-0.0481454 1.00261
-0.168634 0.990062
-0.28669 0.963237
-0.400619 0.922544
-0.508791 0.868597
-0.609672 0.802202
-0.70184 0.724341
-0.784005 0.636157
-0.85503 0.538934
-0.913946 0.434078
-0.959958 0.323094
-0.99246 0.207563
-1.01104 0.0891204
-1.01548 -0.0305688
-1.00576 -0.149832
-0.982058 -0.267011
-0.944735 -0.380488
-0.894341 -0.4887
-0.8316 -0.590166
-0.757399 -0.683498
-0.672776 -0.767427
-0.578909 -0.840809
-0.477093 -0.902647
-0.368731 -0.9521
-0.25531 -0.988492
-0.138387 -1.01132
-0.0195651 -1.02027
0.0995257 -1.01521
0.217248 -0.996198
0.331981 -0.963469
0.442137 -0.91746
0.546188 -0.858781
0.642682 -0.788222
0.730266 -0.706734
0.807703 -0.615426
0.873891 -0.515547
0.927879 -0.40847
0.968881 -0.295678
0.996292 -0.178737
1.00969 -0.0592829
1.00886 0.0610067
0.993781 0.180435
0.964633 0.297308
0.921803 0.409966
0.865878 0.516798
0.797632 0.616278
0.718021 0.706976
0.62817 0.787592
0.529351 0.856964
0.422972 0.914097
0.31055 0.958169
0.19369 0.988552
0.0740641 1.00481
-0.0466198 1.00673
-0.166638 0.994274
-0.284281 0.967647
-0.397876 0.927241
-0.505812 0.873647
-0.606564 0.807645
-0.698715 0.730191
-0.780976 0.6424
-0.8522 0.545532
-0.911403 0.440968
-0.957773 0.330195
-0.990683 0.214782
-1.0097 0.0963557
-1.01457 -0.0234199
-1.00526 -0.142868
-0.981912 -0.260322
-0.944883 -0.374148
-0.894702 -0.482766
-0.832083 -0.584672
-0.757907 -0.678458
-0.673215 -0.76283
-0.579186 -0.836623
-0.47713 -0.898821
-0.368463 -0.948564
-0.25469 -0.985164
-0.137389 -1.00811
-0.0181832 -1.01709
0.101275 -1.01197
0.219327 -0.992801
0.334335 -0.95985
0.444696 -0.91356
0.54887 -0.854561
0.6454 -0.78366
0.73293 -0.701831
0.810227 -0.610203
0.876196 -0.510043
0.929897 -0.402742
0.970561 -0.289795
0.997599 -0.172779
1.01061 -0.0533345
1.0094 0.0668611
0.993958 0.186114
0.964492 0.302741
0.921401 0.415092
0.865282 0.521573
0.796918 0.620673
0.717269 0.710983
0.627456 0.791219
0.528748 0.860239
0.422542 0.917061
0.310344 0.960877
0.193745 0.991066
0.0743991 1.0072
-0.0460018 1.00906
-0.165751 0.996622
-0.283153 0.970069
-0.396547 0.929787
-0.504334 0.876357
-0.604994 0.810543
-0.697113 0.733287
-0.779401 0.645689
-0.850708 0.548993
-0.910041 0.444571
-0.95658 0.333898
-0.989683 0.218536
-1.0089 0.100108
-1.01398 -0.019724
-1.00485 -0.139279
-0.981674 -0.256886
-0.94477 -0.370902
-0.894669 -0.479737
-0.832079 -0.581875
-0.757881 -0.675895
-0.673114 -0.76049
-0.578964 -0.834483
-0.476745 -0.896847
-0.367883 -0.946714
-0.253895 -0.983389
-0.136368 -1.00636
-0.0169415 -1.01531
0.102722 -1.0101
0.220952 -0.990799
0.3361 -0.957677
0.446555 -0.911185
0.550772 -0.851965
0.647291 -0.780836
0.734755 -0.698784
0.811933 -0.60695
0.877736 -0.506612
0.931233 -0.399172
0.971662 -0.28613
0.998446 -0.16907
1.0112 -0.0496346
1.00973 0.0704994
0.994048 0.189641
0.964368 0.306112
0.921098 0.418269
0.864841 0.524529
0.796385 0.623391
0.716691 0.713455
0.626881 0.793449
0.52822 0.86224
0.4221 0.918856
0.310019 0.962496
0.193561 0.992545
0.0743696 1.00858
-0.0458715 1.01038
-0.165465 0.997913
-0.282725 0.971371
-0.395997 0.931129
-0.503686 0.877761
-0.604279 0.812026
-0.696362 0.734856
-0.778644 0.647342
-0.849973 0.550723
-0.909354 0.446362
-0.955958 0.33573
-0.98914 0.220384
-1.00844 0.101945
-1.0136 -0.017924
-1.00455 -0.137541
-0.981427 -0.255232
-0.944559 -0.369348
-0.89447 -0.478294
-0.831865 -0.580548
-0.757624 -0.67468
-0.672787 -0.759377
-0.578543 -0.833457
-0.47621 -0.895884
-0.367221 -0.945787
-0.253098 -0.982469
-0.135436 -1.00541
-0.015881 -1.0143
0.103896 -1.00901
0.22222 -0.989598
0.337435 -0.956342
0.447927 -0.909701
0.552148 -0.850324
0.648635 -0.779037
0.736033 -0.696833
0.813113 -0.604862
0.87879 -0.504407
0.932136 -0.396875
0.972397 -0.283771
0.999003 -0.166683
1.01157 -0.0472527
1.00992 0.0728418
0.994074 0.191912
0.964241 0.308283
0.92084 0.420316
0.864479 0.526432
0.795946 0.625138
0.716205 0.71504
0.626378 0.794872
0.527727 0.863507
0.421643 0.919979
0.309618 0.963491
0.193233 0.993431
0.0741257 1.00938
-0.0460255 1.01111
-0.165529 0.998603
-0.282701 0.972037
-0.395895 0.93179
-0.503517 0.87843
-0.604057 0.812713
-0.696101 0.735566
-0.778358 0.648079
-0.849677 0.551483
-0.909058 0.447139
-0.955672 0.336515
-0.988869 0.221167
-1.00819 0.102715
-1.01336 -0.0171789
-1.00432 -0.136831
-0.981196 -0.254565
-0.944318 -0.36873
-0.894204 -0.477728
-0.831561 -0.580031
-0.757268 -0.674208
-0.672366 -0.75894
-0.578047 -0.833042
-0.475632 -0.895477
-0.366555 -0.94537
-0.252344 -0.982022
-0.134599 -1.00492
-0.0149691 -1.01374
0.104871 -1.00836
0.223242 -0.988855
0.338484 -0.95549
0.448982 -0.908734
0.553187 -0.849239
0.649634 -0.777835
0.73697 -0.695522
0.813968 -0.603452
0.879543 -0.502914
0.932773 -0.395317
0.972908 -0.28217
0.999379 -0.165061
1.01181 -0.0456324
1.01003 0.074437
0.994053 0.19346
0.964103 0.309764
0.9206 0.421713
0.864152 0.527733
0.795552 0.626331
0.715762 0.71612
0.625905 0.795836
0.527244 0.864358
0.421166 0.920721
0.309163 0.964132
0.192812 0.993981
0.0737483 1.00985
-0.0463526 1.01151
-0.165801 0.998951
-0.282919 0.972343
-0.396059 0.932063
-0.50363 0.878681
-0.604124 0.812948
-0.696127 0.735791
-0.77835 0.648296
-0.849638 0.551694
-0.908994 0.447343
-0.955585 0.336711
-0.988761 0.221351
-1.00806 0.102885
-1.01321 -0.0170252
-1.00414 -0.136697
-0.980986 -0.25445
-0.94407 -0.368634
-0.893914 -0.477648
-0.831221 -0.579964
-0.756872 -0.674147
-0.67191 -0.758877
-0.577528 -0.832966
-0.475048 -0.895377
-0.365908 -0.945235
-0.251637 -0.98184
-0.133839 -1.00468
-0.0141633 -1.01343
0.105711 -1.00797
0.224102 -0.988374
0.33935 -0.954916
0.449839 -0.908064
0.554017 -0.848474
0.650421 -0.776979
0.737699 -0.694581
0.814624 -0.602435
0.880114 -0.501833
0.933249 -0.394187
0.973281 -0.281005
0.999645 -0.163878
1.01197 -0.0444485
1.01008 0.0756049
0.993999 0.194596
0.963953 0.310854
0.920363 0.422743
0.863839 0.528692
0.795175 0.62721
0.715336 0.716914
0.625442 0.796542
0.526758 0.864973
0.420669 0.921247
0.308668 0.964572
0.192329 0.99434
0.0732859 1.01013
-0.0467869 1.01173
-0.166202 0.999105
-0.283282 0.972443
-0.396381 0.932116
-0.503911 0.878693
-0.604362 0.812925
-0.696323 0.735738
-0.778504 0.648218
-0.849751 0.551593
-0.909066 0.447223
-0.955616 0.336573
-0.98875 0.221198
-1.008 0.102718
-1.01311 -0.0172044
-1.004 -0.136885
-0.980793 -0.254644
-0.943826 -0.368831
-0.893616 -0.477841
-0.830867 -0.580148
-0.756461 -0.674314
-0.671443 -0.759021
-0.577004 -0.833079
-0.474471 -0.895449
-0.365281 -0.945257
-0.250967 -0.981805
-0.133132 -1.00458
-0.013429 -1.01326
0.106462 -1.00772
0.22486 -0.988042
0.340102 -0.954501
0.450572 -0.907565
0.554719 -0.847893
0.65108 -0.776321
0.738302 -0.693852
0.815161 -0.601643
0.880576 -0.500989
0.933628 -0.3933
0.973571 -0.280089
0.999843 -0.162946
1.01207 -0.0435135
1.01009 0.0765297
0.993922 0.195498
0.963792 0.31172
0.920124 0.423564
0.86353 0.529458
0.794805 0.627913
0.714914 0.717548
0.62498 0.797101
0.526265 0.865456
0.420156 0.921653
0.308145 0.9649
0.191804 0.994592
0.0727692 1.01031
-0.0472881 1.01184
-0.166681 0.999149
-0.283733 0.972426
-0.396799 0.932043
-0.504292 0.878569
-0.604702 0.812756
-0.69662 0.735528
-0.778754 0.647971
-0.849953 0.551315
-0.909218 0.446918
-0.955717 0.336246
-0.988798 0.220853
-1.008 0.102359
-1.01305 -0.0175713
-1.00387 -0.137255
-0.980613 -0.255012
-0.943587 -0.36919
-0.893317 -0.478186
-0.83051 -0.580471
-0.756047 -0.67461
-0.670974 -0.75928
-0.576484 -0.833295
-0.473904 -0.895616
-0.364673 -0.945367
-0.250324 -0.981851
-0.132462 -1.00456
-0.0127411 -1.01316
0.107159 -1.00755
0.225554 -0.987795
0.340784 -0.954176
0.451231 -0.907164
0.555343 -0.847418
0.65166 -0.775777
0.738829 -0.693245
0.815626 -0.600981
0.880972 -0.500279
0.933948 -0.392553
0.973811 -0.279316
1 -0.162156
1.01215 -0.0427199
1.01008 0.0773165
0.993831 0.196267
0.963622 0.312461
0.919881 0.424268
0.86322 0.530115
0.794435 0.628517
0.714492 0.718091
0.624514 0.797579
0.525764 0.865866
0.41963 0.92199
0.307601 0.965165
0.191253 0.994784
0.0722181 1.01043
-0.047831 1.01189
-0.167208 0.99913
-0.284237 0.972342
-0.397274 0.931899
-0.504732 0.878368
-0.605103 0.812503
-0.696976 0.735228
-0.779062 0.647629
-0.850209 0.550937
-0.909418 0.446508
-0.955859 0.335811
-0.98888 0.220399
-1.00802 0.101893
-1.013 -0.0180442
-1.00377 -0.137728
-0.980441 -0.255478
-0.943352 -0.369642
-0.89302 -0.478616
-0.830153 -0.580873
-0.755633 -0.674976
-0.670506 -0.759604
-0.575968 -0.83357
-0.473344 -0.895835
-0.364077 -0.945525
-0.249699 -0.981944
-0.131816 -1.00458
-0.0120829 -1.01311
0.10782 -1.00742
0.226209 -0.987595
0.341423 -0.953902
0.451844 -0.906818
0.555922 -0.847003
0.652195 -0.775297
0.739312 -0.692707
0.816049 -0.600392
0.881329 -0.499646
0.934234 -0.391886
0.974022 -0.278623
1.00013 -0.161448
1.0122 -0.0420064
1.01006 0.0780254
0.993729 0.196962
0.963446 0.313132
0.919634 0.424905
0.862907 0.530711
0.794063 0.629065
0.714067 0.718584
0.624044 0.798012
0.525257 0.866233
0.419093 0.92229
0.307045 0.965394
0.190684 0.994941
0.0716451 1.01052
-0.0483996 1.0119
-0.167765 0.999075
-0.284774 0.97222
-0.397784 0.931713
-0.505209 0.878123
-0.605539 0.812202
-0.697367 0.734876
-0.779403 0.647232
-0.850495 0.5505
-0.909646 0.446039
-0.956025 0.335315
-0.988982 0.219884
-1.00805 0.101365
-1.01297 -0.0185769
-1.00367 -0.138258
-0.980276 -0.255998
-0.943121 -0.370144
-0.892725 -0.479094
-0.829797 -0.581318
-0.75522 -0.675381
-0.670041 -0.759963
-0.575455 -0.833876
-0.472792 -0.896083
-0.36349 -0.945711
-0.249086 -0.982062
-0.131186 -1.00463
-0.0114433 -1.01309
0.10846 -1.00733
0.22684 -0.987423
0.342036 -0.953657
0.45243 -0.906503
0.556472 -0.846622
0.652701 -0.774855
0.739767 -0.692209
0.816446 -0.599844
0.881662 -0.499058
0.934499 -0.391264
0.974215 -0.277977
1.00025 -0.160786
1.01224 -0.0413383
1.01002 0.0786902
0.99362 0.197614
0.963265 0.313762
0.919384 0.425505
0.862593 0.531273
0.793689 0.629581
0.713641 0.719049
0.623571 0.798419
0.524745 0.866578
0.418551 0.922568
0.306479 0.965603
0.190103 0.99508
0.0710586 1.01058
-0.0489841 1.0119
-0.168339 0.999
-0.28533 0.972077
-0.398314 0.931504
-0.505706 0.877852
-0.605997 0.811873
-0.697779 0.734495
-0.779764 0.646804
-0.8508 0.550031
-0.909891 0.445536
-0.956206 0.334785
-0.989096 0.219333
-1.0081 0.100803
-1.01295 -0.0191433
-1.00358 -0.138821
-0.980115 -0.256549
-0.942892 -0.370675
-0.892432 -0.479598
-0.829443 -0.581787
-0.754809 -0.675808
-0.669578 -0.760341
-0.574946 -0.8342
-0.472243 -0.896347
-0.36291 -0.94591
-0.248482 -0.982194
-0.130565 -1.00469
-0.0108152 -1.01308
0.109086 -1.00724
0.227456 -0.987266
0.342633 -0.953429
0.452999 -0.906207
0.557005 -0.846261
0.653191 -0.774434
0.740206 -0.691734
0.816828 -0.599321
0.881982 -0.498494
0.934752 -0.390668
0.974397 -0.277356
1.00036 -0.16015
1.01228 -0.0406958
1.00998 0.0793301
0.993508 0.198242
0.963081 0.314371
0.919132 0.426085
0.862277 0.531816
0.793314 0.63008
0.713212 0.719497
0.623095 0.798811
0.52423 0.866909
0.418003 0.922834
0.305907 0.965801
0.189516 0.995207
0.0704635 1.01064
-0.0495783 1.01188
-0.168924 0.998914
-0.285898 0.971921
-0.398857 0.931281
-0.506216 0.877566
-0.606467 0.811528
-0.698204 0.734097
-0.780136 0.646358
-0.851116 0.549543
-0.910145 0.445013
-0.956395 0.334235
-0.989217 0.218764
-1.00815 0.100221
-1.01293 -0.0197288
-1.00349 -0.139401
-0.979955 -0.257117
-0.942665 -0.371223
-0.89214 -0.480116
-0.829089 -0.582269
-0.754399 -0.676247
-0.669116 -0.760731
-0.574439 -0.834534
-0.471698 -0.89662
-0.362333 -0.946118
-0.247882 -0.982333
-0.12995 -1.00476
-0.0101943 -1.01307
0.109705 -1.00717
0.228064 -0.987117
0.343221 -0.95321
0.453559 -0.90592
0.557529 -0.845911
0.653671 -0.774025
0.740636 -0.691271
0.817201 -0.598811
0.882293 -0.497944
0.934997 -0.390086
0.974573 -0.27675
1.00046 -0.159529
1.01231 -0.0400678
1.00994 0.079956
0.993392 0.198857
0.962895 0.314966
0.918878 0.426653
0.861959 0.532349
0.792937 0.63057
0.712781 0.719937
0.622618 0.799196
0.523712 0.867233
0.417453 0.923094
0.305332 0.965993
0.188924 0.995328
0.0698632 1.01069
-0.0501784 1.01186
-0.169515 0.99882
-0.286472 0.971758
-0.399407 0.931051
-0.506733 0.877272
-0.606945 0.811175
-0.698635 0.733689
-0.780516 0.645901
-0.851437 0.549045
-0.910404 0.444479
-0.956589 0.333673
-0.989343 0.218182
-1.00821 0.0996282
-1.01291 -0.0203249
-1.0034 -0.139993
-0.979798 -0.257695
-0.942439 -0.371779
-0.891849 -0.480643
-0.828737 -0.582759
-0.753989 -0.676693
-0.668655 -0.761126
-0.573934 -0.834873
-0.471154 -0.896898
-0.361759 -0.946331
-0.247285 -0.982477
-0.12934 -1.00483
-0.00957773 -1.01307
0.110319 -1.00709
0.228666 -0.986973
0.343803 -0.952996
0.454113 -0.905639
0.558046 -0.845567
0.654145 -0.773622
0.741059 -0.690815
0.817569 -0.598309
0.882599 -0.497402
0.935237 -0.389512
0.974744 -0.276153
1.00057 -0.158916
1.01234 -0.0394478
1.0099 0.080574
0.993275 0.199465
0.962707 0.315555
0.918623 0.427214
0.86164 0.532875
0.792559 0.631054
0.71235 0.720372
0.622139 0.799576
0.523192 0.867553
0.4169 0.923349
0.304754 0.966181
0.188329 0.995446
0.0692596 1.01073
-0.0507821 1.01183
-0.170111 0.998722
-0.287051 0.97159
-0.399961 0.930816
-0.507255 0.876973
-0.607427 0.810816
-0.69907 0.733275
-0.780898 0.645438
-0.851762 0.54854
-0.910667 0.443939
-0.956785 0.333105
-0.98947 0.217595
-1.00826 0.0990292
-1.0129 -0.020927
-1.00331 -0.140589
-0.979641 -0.258278
-0.942214 -0.37234
-0.891558 -0.481174
-0.828384 -0.583253
-0.75358 -0.677142
-0.668196 -0.761524
-0.573429 -0.835215
-0.470612 -0.897178
-0.361187 -0.946545
-0.246691 -0.982622
-0.128731 -1.0049
-0.00896381 -1.01308
0.110929 -1.00702
0.229265 -0.986832
0.344381 -0.952785
0.454663 -0.905361
0.55856 -0.845226
0.654615 -0.773223
0.74148 -0.690363
0.817933 -0.597811
0.882902 -0.496865
0.935475 -0.388943
0.974913 -0.27556
1.00066 -0.158307
1.01236 -0.0388325
1.00985 0.0811876
0.993156 0.200068
0.962518 0.316139
0.918366 0.427771
0.86132 0.533397
0.79218 0.631534
0.711917 0.720804
0.621659 0.799953
0.522672 0.867871
0.416346 0.923602
0.304174 0.966366
0.187732 0.995562
0.0686541 1.01078
-0.051388 1.0118
-0.170709 0.998622
-0.287632 0.97142
-0.400517 0.930578
-0.507779 0.87667
-0.607911 0.810454
-0.699508 0.732858
-0.781284 0.644972
-0.852089 0.548031
-0.910931 0.443395
-0.956983 0.332534
-0.989599 0.217004
-1.00832 0.0984266
-1.01288 -0.0215324
-1.00323 -0.141189
-0.979484 -0.258864
-0.941988 -0.372903
-0.891267 -0.481708
-0.828032 -0.583748
-0.753172 -0.677593
-0.667736 -0.761924
-0.572925 -0.835558
-0.47007 -0.897459
-0.360615 -0.946761
-0.246097 -0.982769
-0.128124 -1.00498
-0.00835149 -1.01308
0.111538 -1.00695
0.229862 -0.986692
0.344958 -0.952576
0.45521 -0.905085
0.559072 -0.844887
0.655084 -0.772826
0.741898 -0.689914
0.818295 -0.597315
0.883204 -0.49633
0.935711 -0.388376
0.975081 -0.274969
1.00076 -0.157702
1.01239 -0.0382197
1.0098 0.0817987
0.993036 0.200669
0.962329 0.316721
0.918109 0.428327
0.860999 0.533918
0.7918 0.632013
0.711484 0.721234
0.621178 0.800329
0.52215 0.868186
0.415791 0.923854
0.303594 0.96655
0.187134 0.995676
0.0680474 1.01082
-0.0519952 1.01177
-0.171308 0.998521
-0.288215 0.971248
-0.401075 0.930339
-0.508305 0.876367
-0.608397 0.81009
-0.699947 0.732439
-0.78167 0.644504
-0.852417 0.547521
-0.911196 0.442849
-0.957182 0.33196
-0.989728 0.21641
-1.00838 0.0978221
-1.01287 -0.0221398
-1.00314 -0.141791
-0.979327 -0.259451
-0.941763 -0.373468
-0.890977 -0.482242
-0.82768 -0.584245
-0.752763 -0.678045
-0.667276 -0.762325
-0.572421 -0.835901
-0.469529 -0.897741
-0.360044 -0.946977
-0.245504 -0.982916
-0.127517 -1.00505
-0.00774014 -1.01308
0.112146 -1.00689
0.230457 -0.986552
0.345533 -0.952366
0.455757 -0.904809
0.559582 -0.844548
0.65555 -0.772429
0.742315 -0.689465
0.818656 -0.596821
0.883504 -0.495796
0.935946 -0.387811
0.975247 -0.27438
1.00086 -0.157097
1.01241 -0.0376084
1.00975 0.0824084
0.992916 0.201268
0.962138 0.317302
0.917852 0.428881
0.860678 0.534438
0.79142 0.632491
0.71105 0.721664
0.620696 0.800704
0.521628 0.868501
0.415236 0.924105
0.303013 0.966734
0.186536 0.995789
0.0674399 1.01086
-0.0526031 1.01174
-0.171908 0.998418
-0.288798 0.971075
-0.401634 0.930098
-0.508831 0.876061
-0.608883 0.809725
-0.700387 0.732019
-0.782056 0.644035
-0.852746 0.547009
-0.911462 0.442302
-0.957381 0.331386
-0.989857 0.215816
-1.00844 0.0972164
-1.01286 -0.0227482
-1.00305 -0.142393
-0.97917 -0.260039
-0.941538 -0.374034
-0.890686 -0.482778
-0.827328 -0.584742
-0.752354 -0.678497
-0.666817 -0.762726
-0.571917 -0.836245
-0.468988 -0.898023
-0.359473 -0.947193
-0.244912 -0.983063
-0.126912 -1.00513
-0.00712938 -1.01309
0.112753 -1.00682
0.231052 -0.986412
0.346107 -0.952157
0.456303 -0.904534
0.560091 -0.84421
0.656016 -0.772034
0.74273 -0.689017
0.819016 -0.596327
0.883803 -0.495263
0.93618 -0.387246
0.975413 -0.273792
1.00095 -0.156494
1.01243 -0.0369979
1.0097 0.0830172
0.992795 0.201867
0.961947 0.317882
0.917594 0.429434
0.860356 0.534956
0.791039 0.632968
0.710616 0.722092
0.620215 0.801078
0.521105 0.868816
0.41468 0.924355
0.302431 0.966916
0.185937 0.995901
0.0668319 1.0109
-0.0532115 1.01171
-0.172508 0.998315
-0.289382 0.970902
-0.402193 0.929857
-0.509357 0.875756
-0.60937 0.809359
-0.700827 0.731598
-0.782443 0.643565
-0.853074 0.546496
-0.911727 0.441754
-0.95758 0.33081
-0.989987 0.215221
-1.00849 0.0966101
-1.01284 -0.0233572
-1.00297 -0.142997
-0.979013 -0.260628
-0.941312 -0.3746
-0.890395 -0.483313
-0.826976 -0.58524
-0.751945 -0.67895
-0.666357 -0.763127
-0.571413 -0.836589
-0.468447 -0.898305
-0.358903 -0.947409
-0.244319 -0.98321
-0.126306 -1.00521
-0.00651896 -1.01309
0.11336 -1.00675
0.231646 -0.986273
0.346681 -0.951949
0.456848 -0.904259
0.5606 -0.843873
0.656482 -0.771638
0.743146 -0.688569
0.819376 -0.595833
0.884101 -0.49473
0.936413 -0.386682
0.975578 -0.273204
1.00104 -0.15589
1.01246 -0.0363878
1.00965 0.0836256
0.992673 0.202465
0.961756 0.318461
0.917335 0.429987
0.860034 0.535475
0.790658 0.633444
0.710181 0.72252
0.619732 0.801451
0.520583 0.86913
0.414123 0.924605
0.30185 0.967098
0.185338 0.996013
0.0662237 1.01094
-0.0538202 1.01168
-0.173108 0.998212
-0.289966 0.970728
-0.402753 0.929615
-0.509884 0.875449
-0.609857 0.808992
-0.701266 0.731176
-0.78283 0.643094
-0.853403 0.545983
-0.911993 0.441206
-0.957778 0.330234
-0.990116 0.214625
-1.00855 0.0960033
-1.01283 -0.0239666
-1.00288 -0.1436
-0.978856 -0.261217
-0.941086 -0.375167
-0.890103 -0.483849
-0.826623 -0.585737
-0.751536 -0.679402
-0.665898 -0.763527
-0.57091 -0.836933
-0.467906 -0.898587
-0.358332 -0.947624
-0.243727 -0.983357
